SCHL	gmajor	fod1p	_TYPE_	_FREQ_	p50adj_wagp	p25adj_wagp	p75adj_wagp	pop	meanadj_wagp	mean_grad_degree	mean_grad_degree_all	mean_employed_all	pct_ts	pct_tsg	p50r	p25r	p75r	pct_ts_all	pct_tsg_all
	Agriculture and natural resources		2	38891	56069.77691	35463.4472	86961.49844	3355663	70143.59112	0.281208214	0.279964292	0.972248783	0.014805861	1	56000	35000	87000	0.013642015	1
	Architecture and engineering		2	218174	90112.14146	60074.76098	125007.154	22164947	105031.1616	0.391816728	0.386370576	0.963478087	0.097796211	1	90000	60000	125000	0.087096081	1
	Arts		2	74829	46456.45459	28724.28745	71557.1978	7917918	58159.07681	0.228108702	0.231685932	0.942977345	0.034935449	1	46000	29000	72000	0.040644637	1
	Biology and life sciences		2	118516	70087.22114	44191.21147	119572.0604	11698404	104163.1499	0.61164446	0.575765289	0.968835008	0.051615715	1	70000	44000	120000	0.051418136	1
	Business		2	502769	66286.8172	42732.23112	103236.5658	52751577	87619.01265	0.232703337	0.226430717	0.957497597	0.232750583	1	66000	43000	103000	0.218295524	1
	Communications and journalism		2	90766	55239.01433	37067.33871	86172.86236	9513353	71763.00415	0.215191321	0.210583727	0.950129586	0.04197483	1	55000	37000	86000	0.042980946	1
	"Computers, statistics, and mathematics"		2	128257	82565.99746	53029.45376	115143.2919	13476213	94967.58606	0.33588969	0.336419866	0.960302512	0.059459766	1	83000	53000	115000	0.055527105	1
	Education		2	218662	50871.70371	37760.18284	68482.18002	21216094	57064.99871	0.475408103	0.448593267	0.972033557	0.09360968	1	51000	38000	68000	0.106337207	1
	Health		2	161902	68168.08297	48789.38541	94838.97812	16671066	79975.76953	0.353959609	0.338279437	0.976541025	0.073556101	1	68000	49000	95000	0.074213171	1
	Humanities and liberal arts		2	198719	55239.01433	35926.32489	87751.0809	19806148	76105.15643	0.435632865	0.414400596	0.953161994	0.087388715	1	55000	36000	88000	0.095155766	1
	"Industrial arts, consumer services, and recreation"		2	50170	52842.23838	35228.15892	79263.35756	5141812	65513.16651	0.2551688	0.248420642	0.963703642	0.02268671	1	53000	35000	79000	0.023498898	1
	Law and public policy		2	51739	56780.11117	38530.79882	84653.98392	5536105	69272.5516	0.24844471	0.245483949	0.956473717	0.02442641	1	57000	39000	85000	0.022658952	1
	Physical sciences		2	71393	76307.55556	46456.45459	120149.522	7421141	100850.8343	0.523453199	0.503097835	0.964741287	0.032743569	1	76000	46000	120000	0.031502165	1
	Psychology and social work		2	125375	51634.55475	35228.15892	77061.59763	12851571	65847.69106	0.478114388	0.455100747	0.954639349	0.05670372	1	52000	35000	77000	0.06140736	1
	Social sciences		2	169466	66286.8172	41816.54045	108701.8731	17122219	94802.90393	0.428721534	0.413029794	0.954146973	0.075546679	1	66000	42000	109000	0.075622035	1
	Agriculture and natural resources	General agriculture	3	6076	52064.79285	30523.02223	81526.40479	562228	64888.70045	0.253562612	0.250782495	0.972604986	0.002480663	0.167546026	52000	31000	82000	0.002302626	0.168789244
	Agriculture and natural resources	Agricultural economics	3	2542	66133.21482	36627.62667	103482.7168	200791	86412.28629	0.26586849	0.272501114	0.978129781	0.00088593	0.059836462	66000	37000	103000	0.000760197	0.055724659
	Agriculture and natural resources	Animal sciences	3	7734	54350.93653	32610.56192	85355.08031	648839	67464.44161	0.38490288	0.368140748	0.978171133	0.002862808	0.193356425	54000	33000	85000	0.002648811	0.19416568
	Agriculture and natural resources	Food science	3	1542	71557.1978	45654.78668	109135.8158	150516	89552.39795	0.413763321	0.410369282	0.964942007	0.000664107	0.044854325	72000	46000	109000	0.000696079	0.051024612
	Agriculture and natural resources	Plant science and agronomy	3	4885	53066.03886	33026.39899	82193.78103	424386	64985.97691	0.25773706	0.262472089	0.972925549	0.001872477	0.1264686	53000	33000	82000	0.001743085	0.127773267
	Agriculture and natural resources	Soil science	3	406	68168.08297	42052.33268	93603.93482	33467	75362.3706	0.348880987	0.359475807	0.957831765	0.000147663	0.00997329	68000	42000	94000	0.000140004	0.010262673
	Agriculture and natural resources	Miscellaneous agriculture	3	6598	55043.99831	34893.95923	83700.44225	540433	68605.32208	0.170922205	0.175568894	0.977216695	0.002384499	0.161051035	55000	35000	84000	0.002080583	0.152512884
	Agriculture and natural resources	Forestry	3	3676	63047.08637	43480.74922	91373.03719	315749	74398.51793	0.262246278	0.264535278	0.969150357	0.001393148	0.094094371	63000	43000	91000	0.001248986	0.091554354
	Agriculture and natural resources	Natural resources management	3	5432	56976.30815	39631.67878	82858.5215	479254	70157.87304	0.290964708	0.282123798	0.961336781	0.002114565	0.142819467	57000	40000	83000	0.002021646	0.148192629
	Architecture and engineering	Architecture	3	16780	66052.79797	42052.33268	96946.51096	1682646	79204.42793	0.3533001	0.345946235	0.939704145	0.007424173	0.075914732	66000	42000	97000	0.007460856	0.08566236
	Architecture and engineering	General engineering	3	27520	86481.8963	55068.53089	121096.7963	3413281	100892.9891	0.370913206	0.361540879	0.964753741	0.015060083	0.153994548	86000	55000	121000	0.013425396	0.154144658
	Architecture and engineering	Aerospace engineering	3	5094	100725.9733	70200.86472	133703.3039	496231	111752.0801	0.489890797	0.481241906	0.974390628	0.002189471	0.022388098	101000	70000	134000	0.001874435	0.021521467
	Architecture and engineering	Architectural engineering	3	980	78342.42371	55747.74551	110087.9966	96428	92032.90119	0.289812088	0.283296142	0.955965105	0.00042546	0.004350473	78000	56000	110000	0.0003865	0.004437622
	Architecture and engineering	Biomedical engineering	3	4179	76307.55556	48915.84287	115914.3066	403455	99668.96563	0.542050539	0.531435615	0.967439089	0.001780125	0.01820239	76000	49000	116000	0.00169706	0.019484918
	Architecture and engineering	Chemical engineering	3	14045	101743.4074	68494.81753	142440.7704	1368591	122593.7565	0.493784484	0.48720745	0.969898311	0.006038499	0.061745738	102000	68000	142000	0.005432479	0.062373407
	Architecture and engineering	Civil engineering	3	23201	87751.0809	61046.04445	119572.0604	2207257	101531.8234	0.366359241	0.366321453	0.964424955	0.009738863	0.099583229	88000	61000	120000	0.008509035	0.097697107
	Architecture and engineering	Electrical engineering	3	49266	101743.4074	71220.38519	135877.3413	4893973	115469.2994	0.439372265	0.432437101	0.96476089	0.021593195	0.220797866	102000	71000	136000	0.018993246	0.21807234
	Architecture and engineering	"Engineering mechanics, physics, and science"	3	1545	93603.93482	57957.15329	132573.6344	151082	110113.8531	0.533352749	0.517589547	0.971402861	0.000666604	0.006816258	94000	58000	133000	0.000588313	0.006754757
	Architecture and engineering	Environmental engineering	3	1254	81394.72593	57611.99272	110478.0287	117382	93398.84499	0.517387674	0.501552637	0.968497264	0.000517913	0.005295839	81000	58000	110000	0.000492873	0.005658954
	Architecture and engineering	Geological and geophysical engineering	3	365	100124.6016	65221.12383	141312.435	34106	127021.8303	0.410103794	0.391129306	0.989694066	0.000150483	0.001538736	100000	65000	141000	0.000138664	0.001592085
	Architecture and engineering	Industrial and manufacturing engineering	3	9370	89110.89545	60873.04891	123883.8789	917036	107176.08	0.40577142	0.402003044	0.960841922	0.004046148	0.041373255	89000	61000	124000	0.003659801	0.042020266
	Architecture and engineering	Mechanical engineering	3	38866	94977.6405	67103.76775	128559.5037	3807851	110092.7442	0.400973673	0.398997439	0.970675141	0.016801006	0.17179608	95000	67000	129000	0.014316833	0.164379762
	Architecture and engineering	Metallurgical engineering	3	783	104954.1272	71220.38519	138097.5358	72772	119803.3108	0.574025724	0.556587921	0.971159052	0.000321085	0.003283202	105000	71000	138000	0.000285568	0.003278766
	Architecture and engineering	Mining and mineral engineering	3	712	101639.7864	69185.51704	143621.4373	64637	122476.6651	0.35909773	0.356198965	0.963446548	0.000285192	0.002916181	102000	69000	144000	0.000243507	0.002795844
	Architecture and engineering	Petroleum engineering	3	1105	136989.6351	87751.0809	244184.1778	107189	182511.2135	0.316907519	0.300847458	0.97056737	0.00047294	0.004835969	137000	88000	244000	0.00041153	0.004725013
	Architecture and engineering	Miscellaneous engineering	3	3803	81394.72593	51618.28288	113560.2223	378154	96085.2122	0.317896942	0.322490255	0.961444173	0.001668492	0.017060903	81000	52000	114000	0.001505411	0.017284489
	Architecture and engineering	Engineering technologies	3	2109	70087.22114	44191.21147	101161.5767	228584	81576.76108	0.224884506	0.225659811	0.961231484	0.001008559	0.01031286	70000	44000	101000	0.000902414	0.010361137
	Architecture and engineering	Engineering and industrial management	3	1927	85105.91138	55239.01433	126451.9708	180795	104700.2944	0.326336458	0.32529781	0.955078728	0.000797704	0.008156798	85000	55000	126000	0.00072349	0.008306799
	Architecture and engineering	Industrial production technologies	3	4442	76091.31114	51618.28288	105301.2971	424345	86560.96919	0.178873322	0.179671125	0.958978223	0.001872296	0.019144869	76000	52000	105000	0.001625001	0.018657565
	Architecture and engineering	Mechanical engineering related technologies	3	1742	71656.1168	49553.55157	99079.19696	168765	80701.76848	0.174900009	0.176536416	0.960641838	0.000744625	0.007614049	72000	50000	99000	0.000647397	0.007433138
	Architecture and engineering	Miscellaneous engineering technologies	3	9086	75362.69301	50062.30081	103266.7794	950387	83055.41687	0.221370873	0.221407387	0.95692257	0.004193299	0.042877928	75000	50000	103000	0.003776273	0.043357548
	Arts	Fine arts	3	22022	46057.31675	27521.99915	71810.71863	2341756	57664.83169	0.219182955	0.219305237	0.940077146	0.010332299	0.29575401	46000	28000	72000	0.012222391	0.300713492
	Arts	Drama and theater arts	3	7924	45056.07073	28622.87912	68494.81753	819561	57431.80778	0.272005379	0.265026991	0.934754127	0.003616068	0.103507134	45000	29000	68000	0.004237748	0.104263396
	Arts	Music	3	13726	48727.65904	29112.71155	73297.96169	1431032	59286.53226	0.424585195	0.431426574	0.961671341	0.006314001	0.18073337	49000	29000	73000	0.007608289	0.187190483
	Arts	Visual and performing arts	3	2348	43480.74922	25435.85185	66052.79797	244258	53762.74717	0.266324952	0.25384841	0.940088298	0.001077716	0.030848766	43000	25000	66000	0.001347528	0.03315389
	Arts	Commercial art and graphic design	3	19778	48438.71851	31523.54318	72265.59603	2139393	59222.05905	0.098226927	0.09760582	0.941699103	0.009439433	0.270196408	48000	32000	72000	0.010430948	0.256637734
	Arts	"Film, video, and photographic arts"	3	5328	46400.77204	26962.00297	72265.59603	597099	60943.62073	0.151814021	0.155387694	0.927112641	0.002634521	0.075411112	46000	27000	72000	0.002944562	0.072446517
	Arts	Studio arts	3	3703	41833.43872	25290.39416	63851.03804	344819	50262.38761	0.279877269	0.276867463	0.939979116	0.001521411	0.043549201	42000	25000	64000	0.001853171	0.045594488
	Biology and life sciences	Environmental science	3	7160	59447.51817	39772.09032	86481.8963	690823	70808.68133	0.322742584	0.312256739	0.957394459	0.00304805	0.059052756	59000	40000	86000	0.00304428	0.059206356
	Biology and life sciences	Biology	3	75455	71656.1168	45056.07073	123883.8789	7459281	108087.1219	0.62643236	0.588827025	0.970008586	0.03291185	0.637632364	72000	45000	124000	0.032651294	0.635015135
	Biology and life sciences	Biochemical sciences	3	8711	77978.71534	48059.80878	137609.9958	876032	117508.2795	0.717598216	0.676779922	0.969957598	0.00386523	0.074884745	78000	48000	138000	0.003790132	0.073711964
	Biology and life sciences	Botany	3	1055	57245.75824	38662.49482	92912.90919	99868	72959.73765	0.619197341	0.586966103	0.967287265	0.000440638	0.008536891	57000	39000	93000	0.000476774	0.00927249
	Biology and life sciences	Molecular biology	3	3044	71220.38519	46365.72264	126161.8252	293500	107665.9537	0.691785349	0.646642107	0.967163322	0.001294981	0.025088893	71000	46000	126000	0.001304241	0.025365387
	Biology and life sciences	Ecology	3	3014	54795.85402	35228.15892	81394.72593	279260	67720.42285	0.375649932	0.363959513	0.96392346	0.001232151	0.023871632	55000	35000	81000	0.001260813	0.02452078
	Biology and life sciences	Microbiology	3	5688	73297.96169	46400.77204	119039.7867	569796	103251.8749	0.607097979	0.568192402	0.965497091	0.002514055	0.048707157	73000	46000	119000	0.002525562	0.04911811
	Biology and life sciences	Zoology	3	5077	77334.62006	45311.95621	140174.4423	480912	118006.8489	0.658889776	0.622346033	0.971226885	0.002121881	0.041109198	77000	45000	140000	0.002079407	0.04044112
	Biology and life sciences	Neuroscience	3	1060	57993.74223	42052.33268	97831.68575	112908	92346.51121	0.721649485	0.655182842	0.961243717	0.000498173	0.009651573	58000	42000	98000	0.000528912	0.010286481
	Biology and life sciences	Miscellaneous biology	3	8252	65221.12383	41294.62631	105376.6424	836024	91654.22946	0.618260959	0.587046377	0.971290501	0.003688706	0.071464791	65000	41000	105000	0.003756721	0.073062177
	Business	General business	3	95218	66133.21482	41294.62631	104583.5968	11075336	88300.93059	0.233110761	0.228573642	0.959616646	0.048866613	0.2099527	66000	41000	105000	0.045989699	0.210676326
	Business	Accounting	3	94843	71220.38519	45654.78668	108701.8731	9662255	93648.99097	0.26841374	0.256645004	0.960653371	0.042631815	0.183165235	71000	46000	109000	0.039746369	0.182075969
	Business	Actuarial science	3	608	91569.06668	58844.84248	139388.4682	61857	120127.5999	0.214365391	0.221002912	0.966350115	0.000272926	0.00117261	92000	59000	139000	0.000242356	0.00111022
	Business	Business management and administration	3	160180	63225.98541	41294.62631	97673.67112	16008946	80913.18385	0.216830702	0.211965957	0.954258131	0.070634694	0.303478055	63000	41000	98000	0.066021161	0.302439369
	Business	Operations logistics and e-commerce	3	3627	74092.2052	50871.70371	103778.2756	371249	86921.67429	0.235688177	0.236975373	0.963815474	0.001638025	0.007037685	74000	51000	104000	0.0014275	0.0065393
	Business	Business economics	3	4419	79032.48176	49553.55157	122092.0889	422806	106456.3985	0.299059143	0.299199514	0.955939654	0.001865505	0.00801504	79000	50000	122000	0.00171372	0.007850458
	Business	Marketing and marketing research	3	52851	62063.47852	40732.55875	99430.2258	5604831	82500.11943	0.15995344	0.158018731	0.955145831	0.024729643	0.106249544	62000	41000	99000	0.024094255	0.110374481
	Business	Finance	3	50616	77334.62006	49553.55157	121096.7963	5345458	106324.0262	0.293692888	0.288084065	0.961749663	0.023585237	0.101332667	77000	50000	121000	0.021316399	0.09764927
	Business	Human resources and personnel management	3	10486	60762.91576	40732.55875	89135.5359	1102115	75379.39754	0.298686616	0.289275804	0.950612236	0.004862753	0.020892551	61000	41000	89000	0.004648447	0.021294284
	Business	International business	3	4940	62974.30511	40697.36297	96656.23705	531078	80040.65433	0.293749694	0.28741048	0.947944659	0.002343223	0.010067528	63000	41000	97000	0.002404241	0.011013698
	Business	Hospitality management	3	9080	50871.70371	34042.36455	77334.62006	973511	66152.42053	0.113668978	0.116495032	0.953114937	0.004295327	0.018454633	51000	34000	77000	0.004333743	0.019852643
	Business	Management information systems and statistics	3	10825	81140.01461	54350.93653	110137.0618	1070126	91951.83237	0.218069648	0.217391007	0.965253578	0.004721612	0.020286142	81000	54000	110000	0.004123384	0.018888997
	Business	Miscellaneous business and medical administration	3	5076	59658.13548	37120.61763	92912.90919	522009	76699.97808	0.203303008	0.193377495	0.951899656	0.002303209	0.009895609	60000	37000	93000	0.002234251	0.010234985
	Communications and journalism	Communications and mass media	3	61321	55043.99831	36881.82482	85105.91138	6500159	71261.0509	0.213233246	0.210335195	0.949010469	0.028680011	0.683266878	55000	37000	85000	0.029417903	0.684440548
	Communications and journalism	Journalism	3	20380	56780.11117	37562.52975	89135.5359	2077284	74131.20556	0.241038298	0.231469349	0.952630809	0.009165395	0.218354559	57000	38000	89000	0.009363151	0.217844223
	Communications and journalism	Advertising and public relations	3	9065	55043.99831	37681.3465	83963.30178	935910	69992.90765	0.171422466	0.165762599	0.95247438	0.004129423	0.098378563	55000	38000	84000	0.004199893	0.097715229
	"Computers, statistics, and mathematics"	Computer and information systems	3	16903	71810.71863	49539.59848	101171.8345	1826349	80333.87071	0.232319234	0.234649697	0.956684937	0.00805822	0.135523904	72000	50000	101000	0.007281338	0.131131245
	"Computers, statistics, and mathematics"	Computer science	3	53799	88382.42293	59786.03018	121096.7963	5810325	99221.19017	0.314439382	0.313615258	0.961766963	0.025636324	0.431154138	88000	60000	121000	0.02336163	0.420724792
	"Computers, statistics, and mathematics"	Information sciences	3	5466	77324.98964	52688.32118	106430.4088	566942	86527.49569	0.262956352	0.268448462	0.96122859	0.002501462	0.042069831	77000	53000	106000	0.002228857	0.040139983
	"Computers, statistics, and mathematics"	Computer engineering	3	12608	93574.79713	66082.23707	123883.8789	1317821	104709.2872	0.376695318	0.366817137	0.964575401	0.005814492	0.097788674	94000	66000	124000	0.005227476	0.094142786
	"Computers, statistics, and mathematics"	Miscellaneous computer	3	9967	60548.39814	39631.67878	89570.146	1058359	71707.04555	0.176493987	0.175998416	0.942196335	0.004669693	0.078535342	61000	40000	90000	0.004482729	0.080730466
	"Computers, statistics, and mathematics"	Mathematics	3	26045	79263.35756	50002.8616	118895.0364	2559453	100598.539	0.495973554	0.488009452	0.965302721	0.011292822	0.189923757	79000	50000	119000	0.011467432	0.206519533
	"Computers, statistics, and mathematics"	Applied mathematics	3	1659	92801.54408	56976.30815	131110.4385	155432	110841.7553	0.515530907	0.501697591	0.952451435	0.000685797	0.011533804	93000	57000	131000	0.000671562	0.012094314
	"Computers, statistics, and mathematics"	Statistics and decision science	3	1810	84787.46098	54795.85402	121525.8315	181532	104316.6911	0.514438226	0.505338148	0.958756152	0.000800956	0.01347055	85000	55000	122000	0.00080608	0.014516882
	Education	General education	3	58309	50819.89318	37046.1026	69185.51704	6795668	57344.72853	0.46577967	0.440947122	0.969268424	0.029983856	0.320307216	51000	37000	69000	0.032988234	0.310222878
	Education	Elementary education	3	64561	48915.84287	37046.1026	63225.98541	5644406	52869.83457	0.469172487	0.433835304	0.97505197	0.024904256	0.266043599	49000	37000	63000	0.030404115	0.285921702
	Education	Mathematics teacher education	3	4260	55043.99831	41981.65089	73763.64965	378902	62431.7786	0.551055418	0.52536989	0.981339985	0.001671792	0.017859178	55000	42000	74000	0.001829546	0.017205134
	Education	Physical and health education teaching	3	14384	55068.53089	38778.60439	77061.59763	1344336	64656.89804	0.393731924	0.384383846	0.970338786	0.005931481	0.063363973	55000	39000	77000	0.006243377	0.058713006
	Education	Early childhood education	3	8137	42934.31868	31612.99271	56144.87828	790408	46667.45255	0.387515056	0.352339181	0.966292355	0.003487439	0.037255114	43000	32000	56000	0.004243236	0.039903591
	Education	Science and computer teacher education	3	3438	55239.01433	41294.62631	75125.05949	305381	63587.98954	0.525572973	0.509359225	0.972439673	0.001347403	0.014393837	55000	41000	75000	0.001460033	0.013730213
	Education	Secondary teacher education	3	10685	55043.99831	41294.62631	73917.27367	953559	62602.82557	0.491983191	0.474137348	0.97508208	0.004207294	0.044945078	55000	41000	74000	0.004449278	0.041841211
	Education	Special needs education	3	11617	54350.93653	41202.26716	70200.86472	1072590	58486.14134	0.591941003	0.563418008	0.97387455	0.004732483	0.050555489	54000	41000	70000	0.005515986	0.051872586
	Education	Social science or history teacher education	3	6002	52176.89906	38047.34862	72265.59603	539979	62799.06733	0.461304977	0.440346046	0.971891414	0.002382496	0.025451386	52000	38000	72000	0.002567058	0.02414073
	Education	Teacher education: multiple levels	3	4705	48915.84287	36881.82482	63080.9126	418324	52451.39814	0.456251614	0.431225013	0.977585733	0.00184573	0.019717296	49000	37000	63000	0.0020349	0.019136294
	Education	Language and drama education	3	9048	51924.67347	39132.6743	69569.19875	823703	57698.72549	0.546165305	0.511762181	0.968580651	0.003634344	0.038824442	52000	39000	70000	0.004304253	0.040477391
	Education	Art and music education	3	11013	50585.91722	35301.17519	68254.5579	1030399	55285.84159	0.456139806	0.431381522	0.9742156	0.004546328	0.048566857	51000	35000	68000	0.005174451	0.048660779
	Education	Miscellaneous education	3	12503	57071.02293	41294.62631	79352.36733	1118439	65205.81994	0.540069686	0.528182953	0.969066215	0.004934778	0.052716537	57000	41000	79000	0.00512274	0.048174486
	Health	Nutrition sciences	3	3738	54715.37985	36132.79802	82565.99746	382044	69987.14702	0.441360158	0.410108386	0.965445478	0.001685655	0.022916591	55000	36000	83000	0.001955229	0.02634612
	Health	Communication disorders sciences and services	3	8750	60873.04891	44191.21147	81394.72593	840783	69719.35958	0.789336844	0.759016288	0.981167323	0.003709704	0.050433668	61000	44000	81000	0.004321552	0.05823161
	Health	Health and medical administrative services	3	6898	57993.74223	39132.6743	87499.33038	705302	71608.00698	0.295549991	0.284453496	0.956377274	0.003111935	0.042306953	58000	39000	87000	0.002965873	0.039964246
	Health	Health and medical preparatory programs	3	3719	97831.68575	47505.55233	195663.3715	396168	144451.2143	0.811302276	0.765412478	0.970933578	0.001747973	0.023763807	98000	48000	196000	0.001697104	0.022867961
	Health	Nursing	3	85500	70087.22114	51618.28288	91569.06668	8892487	77607.71343	0.253379398	0.238284577	0.979996792	0.039235444	0.533408422	70000	52000	92000	0.038836334	0.523307828
	Health	Pharmacy and pharmaceutical sciences and administration	3	12132	111188.8766	76091.31114	133828.3358	1225811	116768.8108	0.550881824	0.528516425	0.975886375	0.005408525	0.073529251	111000	76000	134000	0.005078782	0.068435051
	Health	Treatment therapy professions	3	16140	66133.21482	44191.21147	88070.39729	1644335	74666.77552	0.422847534	0.396457732	0.98237262	0.007255137	0.098634065	66000	44000	88000	0.007531814	0.101488915
	Health	Miscellaneous health medical professions	3	25025	59011.1763	40697.36297	83621.61827	2584136	71262.82179	0.354078501	0.334486827	0.967496961	0.011401729	0.155007244	59000	41000	84000	0.011826483	0.159358269
	Humanities and liberal arts	Area ethnic and civilization studies	3	6777	59011.1763	37562.52975	97673.67112	658482	82834.86914	0.493053721	0.466882477	0.950271017	0.002905355	0.033246344	59000	38000	98000	0.003233016	0.033976034
	Humanities and liberal arts	Linguistics and comparative language and literature	3	3631	53742.0876	33143.4086	83666.87743	381414	69394.71221	0.492572375	0.458711234	0.940120885	0.001682875	0.019257354	54000	33000	84000	0.002091055	0.021975076
	Humanities and liberal arts	"French, german, latin and other common foreign language studies"	3	12470	56069.77691	38047.34862	86481.8963	1222845	73900.49139	0.49649465	0.468228747	0.958163943	0.005395439	0.061740678	56000	38000	86000	0.006235295	0.065527242
	Humanities and liberal arts	Other foreign languages	3	3071	56069.77691	34784.59938	89487.20322	301564	78253.45962	0.482202783	0.442502175	0.949925469	0.001330561	0.015225777	56000	35000	89000	0.001621927	0.017044971
	Humanities and liberal arts	English language and literature	3	57808	56069.77691	37165.16367	87751.0809	5762702	75700.81651	0.453220382	0.433353581	0.95325931	0.025426202	0.290955213	56000	37000	88000	0.028500224	0.299511264
	Humanities and liberal arts	Composition and speech	3	3019	47337.83855	31939.74792	73255.25334	304846	61280.92811	0.315372352	0.311444411	0.938848231	0.001345042	0.015391484	47000	32000	73000	0.001505985	0.015826526
	Humanities and liberal arts	Liberal arts	3	26702	54350.93653	35043.61057	82589.25261	2837108	70295.12123	0.262927601	0.255184242	0.949474052	0.012517892	0.143243805	54000	35000	83000	0.013802254	0.145049058
	Humanities and liberal arts	Humanities	3	2211	53581.8439	33143.4086	82102.17333	218729	69603.67504	0.376945901	0.346457781	0.930119893	0.000965076	0.01104349	54000	33000	82000	0.001135083	0.011928678
	Humanities and liberal arts	Multi/interdisciplinary studies	3	2563	48263.63163	35610.1926	64098.34667	239067	56227.14931	0.282544224	0.266233331	0.950993742	0.001054812	0.012070343	48000	36000	64000	0.001121816	0.01178926
	Humanities and liberal arts	Intercultural and international studies	3	3418	55849.62045	36329.03888	88070.39729	344368	77891.24139	0.440157041	0.417369411	0.946756651	0.001519421	0.017386925	56000	36000	88000	0.001686607	0.017724693
	Humanities and liberal arts	Philosophy and religious studies	3	14436	55958.87408	33778.81126	91569.06668	1424523	80682.98171	0.556539277	0.525421661	0.95231658	0.006285282	0.071923274	56000	34000	92000	0.00658181	0.069168797
	Humanities and liberal arts	Theology and religious vocations	3	13746	44035.19865	29173.3191	64079.74504	1299459	53147.74472	0.419099795	0.397728947	0.966856923	0.005733475	0.065608871	44000	29000	64000	0.005831054	0.061279034
	Humanities and liberal arts	Art history and criticism	3	4447	51634.55475	33026.39899	82193.78103	440836	72806.70124	0.415217904	0.392492155	0.946695479	0.001945057	0.022257533	52000	33000	82000	0.002351674	0.024713939
	Humanities and liberal arts	History	3	44420	61941.93946	38667.31003	100180.0769	4370205	88423.41454	0.47760414	0.456811605	0.956060831	0.019282225	0.220648912	62000	39000	100000	0.019457968	0.204485429
	"Industrial arts, consumer services, and recreation"	Family and consumer sciences	3	15514	46471.09928	32139.87592	67391.59748	1507866	55731.10354	0.302664826	0.278045712	0.961642913	0.006653009	0.293255763	46000	32000	67000	0.008112493	0.345228667
	"Industrial arts, consumer services, and recreation"	Military technologies	3	187	80099.6813	40697.36297	108398.3941	21392	104429.7719	0.417539267	0.401719219	0.958223022	9.43858E-05	0.004160401	80000	41000	108000	8.46451E-05	0.003602086
	"Industrial arts, consumer services, and recreation"	"Physical fitness, parks, recreation, and leisure"	3	20444	50062.30081	34784.59938	72265.59603	2118328	61293.41075	0.301161577	0.289665635	0.967429408	0.00934649	0.411980835	50000	35000	72000	0.009305051	0.395978193
	"Industrial arts, consumer services, and recreation"	Miscellaneous industrial arts and consumer services	3	7297	61046.04445	38197.52933	91569.06668	799207	74049.8774	0.107198761	0.11511764	0.95495638	0.003526262	0.155432949	61000	38000	92000	0.003231454	0.137515112
	"Industrial arts, consumer services, and recreation"	Transportation sciences and technologies	3	6728	77061.59763	47310.68445	110087.9966	695019	88582.6996	0.177098756	0.173804212	0.967279962	0.003066564	0.135170053	77000	47000	110000	0.002765255	0.117675942
	Law and public policy	Pre-law and legal studies	3	3898	55068.53089	36881.82482	86481.8963	437940	74176.44343	0.340811527	0.315835705	0.942254846	0.00193228	0.079106159	55000	37000	86000	0.001938783	0.085563642
	Law and public policy	Criminal justice and fire protection	3	42784	55747.74551	38047.34862	82589.25261	4580165	66645.38472	0.211391948	0.209949488	0.958959022	0.020208611	0.827326252	56000	38000	83000	0.018514525	0.817095344
	Law and public policy	Public administration	3	3646	66286.8172	43480.74922	100124.6016	384335	81514.88199	0.469827104	0.453701152	0.947706418	0.001695763	0.069423358	66000	43000	100000	0.001616207	0.071327511
	Law and public policy	Public policy	3	1411	76094.69724	48836.83556	120149.522	133665	108026.8356	0.578909962	0.559316172	0.94754545	0.000589757	0.024144231	76000	49000	120000	0.000589439	0.026013504
	Physical sciences	Multidisciplinary or general science	3	20348	64279.75184	40697.36297	101092.7419	2432616	86191.54857	0.336011109	0.324419167	0.962263765	0.010733192	0.327795416	64000	41000	101000	0.010568417	0.335482251
	Physical sciences	Physical sciences	3	558	66286.8172	40697.36297	108701.8731	55736	84978.88174	0.410488733	0.415323325	0.961405547	0.000245919	0.007510435	66000	41000	109000	0.000237749	0.007547064
	Physical sciences	Astronomy and astrophysics	3	409	84301.31388	52906.57186	128559.5037	40475	108431.2366	0.654008647	0.62392792	0.956176032	0.000178584	0.005454013	84000	53000	129000	0.000173697	0.005513799
	Physical sciences	Atmospheric sciences and meteorology	3	1145	73255.25334	45784.53334	106333.6627	113138	82745.96029	0.445765349	0.448641503	0.971593364	0.000499188	0.015245365	73000	46000	106000	0.000441297	0.014008452
	Physical sciences	Chemistry	3	25661	84301.31388	50580.78833	132573.6344	2525083	114609.1483	0.644917415	0.619234648	0.96714112	0.011141175	0.34025536	84000	51000	133000	0.010700169	0.339664567
	Physical sciences	Geology and earth science	3	7820	73763.64965	47419.48906	111699.2409	737602	94448.85187	0.462422824	0.449787879	0.960795158	0.003254449	0.099391994	74000	47000	112000	0.003113787	0.098843579
	Physical sciences	Geosciences	3	760	77334.62006	50871.70371	116001.9301	70053	97666.51196	0.552967039	0.530561486	0.965646022	0.000309088	0.009439654	77000	51000	116000	0.000302632	0.009606712
	Physical sciences	Oceanography	3	837	72089.71317	43480.74922	108537.9416	77216	82933.75257	0.485404579	0.447450002	0.965601392	0.000340693	0.010404869	72000	43000	109000	0.0003207	0.010180263
	Physical sciences	Physics	3	12218	93483.61082	55043.99831	132573.6344	1204961	109985.0314	0.697840013	0.675722132	0.966379907	0.005316531	0.162368698	93000	55000	133000	0.004970226	0.157774115
	Physical sciences	"Nuclear, industrial radiology, and biological technologies"	3	1637	80364.23753	52688.32118	111917.7482	164261	93959.48542	0.491954877	0.483985434	0.968961672	0.000724753	0.022134197	80000	53000	112000	0.000673491	0.021379199
	Psychology and social work	Psychology	3	98948	53683.0142	35610.1926	81140.01461	10123502	68786.61966	0.48479459	0.462304212	0.954830538	0.04466693	0.787724863	54000	36000	81000	0.048774063	0.794270642
	Psychology and social work	Industrial and organizational psychology	3	1075	70656.21748	44035.19865	104583.5968	106260	86942.19563	0.44304536	0.435015822	0.932419705	0.000468841	0.00826825	71000	44000	105000	0.000500503	0.008150542
	Psychology and social work	Social psychology	3	500	53943.11834	38989.35767	82193.78103	47077	69319.54652	0.450453512	0.419759403	0.916099374	0.000207713	0.003663132	54000	39000	82000	0.000239069	0.003893169
	Psychology and social work	Human services and community organization	3	4311	42732.23112	30970.96973	60074.76098	441054	51821.81676	0.291948378	0.276072321	0.9381166	0.001946019	0.034319073	43000	31000	60000	0.002044626	0.033296101
	Psychology and social work	Social work	3	20541	46801.96741	34592.75852	64077.25662	2133678	53675.73812	0.487258621	0.45847217	0.95920405	0.009414217	0.166024683	47000	35000	64000	0.009849099	0.160389547
	Social sciences	Interdisciplinary social sciences	3	3369	51415.98595	35110.705	78342.42371	329016	65628.55187	0.36800034	0.349618115	0.95281566	0.001451685	0.019215734	51000	35000	78000	0.001560811	0.020639626
	Social sciences	General social sciences	3	5660	55043.99831	36132.79802	82858.5215	562319	68863.13283	0.349040313	0.333538647	0.948244068	0.002481065	0.032841479	55000	36000	83000	0.002713955	0.035888414
	Social sciences	Economics	3	46665	83429.59408	49553.55157	139173.1963	4788685	120488.0637	0.417560144	0.410911995	0.95698954	0.021128643	0.279676659	83000	50000	139000	0.020446705	0.270380254
	Social sciences	Anthropology and archeology	3	8683	52906.57186	34469.14494	82565.99746	846644	70912.63375	0.467134947	0.443179803	0.946888566	0.003735564	0.049447096	53000	34000	83000	0.004174075	0.055196546
	Social sciences	Criminology	3	3899	55043.99831	37935.59125	81526.40479	408814	66198.06523	0.225919367	0.225508404	0.957653199	0.00180377	0.023876228	55000	38000	82000	0.001690427	0.022353627
	Social sciences	Geography	3	6740	61046.04445	41714.79704	89171.27726	649220	73437.21337	0.302741752	0.297717251	0.952688926	0.002864489	0.037916814	61000	42000	89000	0.002826397	0.037375307
	Social sciences	International relations	3	6025	73090.95919	45654.78668	114970.0504	619117	98032.76575	0.531628109	0.508746277	0.952206257	0.002731669	0.03615869	73000	46000	115000	0.002790505	0.036900689
	Social sciences	Political science and government	3	55031	73763.64965	44258.18979	119075.6059	5563166	101194.1452	0.50886222	0.487526856	0.954101553	0.024545809	0.324909172	74000	44000	119000	0.023749133	0.31405043
	Social sciences	Sociology	3	32180	53029.45376	36132.79802	79352.36733	3239340	66974.22083	0.346485704	0.334701592	0.9534923	0.014292621	0.189189263	53000	36000	79000	0.015161167	0.200486098
	Social sciences	Miscellaneous social sciences	3	1214	68084.72911	44191.21147	104954.1272	115898	91093.86125	0.491276812	0.464677966	0.960866977	0.000511365	0.006768866	68000	44000	105000	0.000508861	0.00672901
Bachelors			4	1384953	57448.5749	37645.06074	88382.42293	144532757	72952.96305	0	0	0.955740882	1	1	57000	38000	88000	1	1
Graduate degree			4	834675	76091.31114	50062.30081	115914.3066	82111474	100746.9801	1	1	0.969051905	1	1	76000	50000	116000	1	1
Bachelors	Agriculture and natural resources		6	28354	52176.89906	32557.89037	79098.43528	2412023	63336.63995	0	0	0.970323134	0.016688418	1	52000	33000	79000	0.01516607	1
Bachelors	Architecture and engineering		6	130962	82193.78103	55043.99831	112289.7566	13480350	93697.61294	0	0	0.960041389	0.093268476	1	82000	55000	112000	0.082517353	1
Bachelors	Arts		6	56310	44035.19865	27175.46826	67150.6489	6111772	55044.94526	0	0	0.940233459	0.042286414	1	44000	27000	67000	0.04821504	1
Bachelors	Biology and life sciences		6	44796	54023.75602	35228.15892	81394.72593	4543140	66056.05483	0	0	0.954772827	0.03143329	1	54000	35000	81000	0.033679297	1
Bachelors	Business		6	383102	61941.93946	40697.36297	96656.23705	40476109	80899.04776	0	0	0.956269086	0.280047996	1	62000	41000	97000	0.26072612	1
Bachelors	Communications and journalism		6	70094	52842.23838	35508.44919	82565.99746	7466162	68470.60819	0	0	0.947441715	0.051657231	1	53000	36000	83000	0.052386881	1
Bachelors	"Computers, statistics, and mathematics"		6	84295	76094.69724	49539.59848	108134.5698	8949692	86863.54477	0	0	0.956287265	0.061921548	1	76000	50000	108000	0.056890388	1
Bachelors	Education		6	112280	43749.66519	32557.89037	57448.5749	11129791	49466.24406	0	0	0.964982733	0.077005319	1	44000	33000	57000	0.090531102	1
Bachelors	Health		6	102654	63225.98541	45056.07073	84301.31388	10770182	69429.9795	0	0	0.974632616	0.074517239	1	63000	45000	84000	0.075822153	1
Bachelors	Humanities and liberal arts		6	107647	48915.84287	31612.99271	76091.31114	11177939	63830.95561	0	0	0.945313328	0.077338447	1	49000	32000	76000	0.086035211	1
Bachelors	"Industrial arts, consumer services, and recreation"		6	36777	49715.1129	32666.75913	75093.45122	3829782	61528.39868	0	0	0.960618066	0.026497675	1	50000	33000	75000	0.0272686	1
Bachelors	Law and public policy		6	38721	54067.28488	36881.82482	79032.48176	4160689	63597.65582	0	0	0.954659888	0.02878717	1	54000	37000	79000	0.026396649	1
Bachelors	Physical sciences		6	31981	61046.04445	39048.59463	93574.79713	3536521	75605.62312	0	0	0.955468037	0.024468647	1	61000	39000	94000	0.024168616	1
Bachelors	Psychology and social work		6	63530	44191.21147	31038.6265	66286.8172	6707050	56060.96079	0	0	0.943793249	0.046405051	1	44000	31000	66000	0.051662704	1
Bachelors	Social sciences		6	93450	56903.38687	36881.82482	91569.06668	9781555	79044.02814	0	0	0.949029891	0.06767708	1	57000	37000	92000	0.068533816	1
Graduate degree	Agriculture and natural resources		6	10537	71088.46715	45784.53334	105130.8317	943640	87542.72933	1	1	0.977152314	0.011492182	1	71000	46000	105000	0.01084032	1
Graduate degree	Architecture and engineering		6	87212	103236.5658	71557.1978	143114.3956	8684597	122623.2504	1	1	0.968860905	0.105765937	1	103000	72000	143000	0.095513237	1
Graduate degree	Arts		6	18519	55958.87408	36044.85659	82412.16001	1806146	68696.90822	1	1	0.951804876	0.021996268	1	56000	36000	82000	0.026727837	1
Graduate degree	Biology and life sciences		6	73720	86961.49844	52688.32118	153190.6405	7155264	128358.7446	1	1	0.978233067	0.087140854	1	87000	53000	153000	0.084027745	1
Graduate degree	Business		6	119667	83666.87743	53392.67836	127179.2593	12275468	109776.8669	1	1	0.961618037	0.149497596	1	84000	53000	127000	0.140294639	1
Graduate degree	Communications and journalism		6	20672	66052.79797	44258.18979	99079.19696	2047191	83770.46292	1	1	0.959975402	0.024931851	1	66000	44000	99000	0.025689857	1
Graduate degree	"Computers, statistics, and mathematics"		6	43962	94838.97812	65080.99106	130442.2477	4526521	110990.6363	1	1	0.968148252	0.055126534	1	95000	65000	130000	0.053020957	1
Graduate degree	Education		6	106382	59658.13548	45848.3819	77061.59763	10086303	65449.88971	1	1	0.980088336	0.122836706	1	60000	46000	77000	0.135393839	1
Graduate degree	Health		6	59248	81465.1175	55239.01433	113560.2223	5900884	99223.74626	1	1	0.980118212	0.071864305	1	81000	55000	114000	0.071255352	1
Graduate degree	Humanities and liberal arts		6	91072	66133.21482	44191.21147	103236.5658	8628209	92006.51766	1	1	0.963542475	0.105079212	1	66000	44000	103000	0.111922237	1
Graduate degree	"Industrial arts, consumer services, and recreation"		6	13393	63225.98541	44191.21147	90112.14146	1312030	77144.60186	1	1	0.972722521	0.015978644	1	63000	44000	90000	0.016568992	1
Graduate degree	Law and public policy		6	13018	70456.31784	45424.08894	103236.5658	1375416	86439.34075	1	1	0.961970052	0.016750594	1	70000	45000	103000	0.015787881	1
Graduate degree	Physical sciences		6	39412	95011.10465	57245.75824	145660.5099	3884620	123833.8337	1	1	0.973418709	0.047309101	1	95000	57000	146000	0.044983552	1
Graduate degree	Psychology and social work		6	61845	60074.76098	42150.65694	86969.51733	6144521	76530.39346	1	1	0.966755907	0.074831454	1	60000	42000	87000	0.079321127	1
Graduate degree	Social sciences		6	76016	82858.5215	51633.3897	133206.4759	7340664	115801.864	1	1	0.961088831	0.089398761	1	83000	52000	133000	0.08865243	1
Bachelors	Agriculture and natural resources	General agriculture	7	4610	47559.18577	27175.46826	75093.45122	419668	58108.08742	0	0	0.972735172	0.002903619	0.173990049	48000	27000	75000	0.002663617	0.175629979
Bachelors	Agriculture and natural resources	Agricultural economics	7	1904	61941.93946	32067.05255	99430.2258	147407	79326.48474	0	0	0.977663708	0.001019886	0.061113431	62000	32000	99000	0.000853884	0.056302246
Bachelors	Agriculture and natural resources	Animal sciences	7	4883	45654.78668	27521.99915	71220.38519	399099	55238.56321	0	0	0.971537471	0.002761305	0.165462353	46000	28000	71000	0.002584115	0.170387912
Bachelors	Agriculture and natural resources	Food science	7	915	65221.12383	40262.26065	100124.6016	88238	80750.64242	0	0	0.953674033	0.000610505	0.03658257	65000	40000	100000	0.000633693	0.041783593
Bachelors	Agriculture and natural resources	Plant science and agronomy	7	3654	49553.55157	30523.02223	76094.69724	315006	59764.00626	0	0	0.972572804	0.002179478	0.130598257	50000	31000	76000	0.001984895	0.130877329
Bachelors	Agriculture and natural resources	Soil science	7	269	66286.8172	41981.65089	88382.42293	21791	72420.69254	0	0	0.949951117	0.000150769	0.009034325	66000	42000	88000	0.000138457	0.009129395
Bachelors	Agriculture and natural resources	Miscellaneous agriculture	7	5538	53263.91779	33026.39899	80099.6813	448061	64898.41799	0	0	0.979399774	0.003100065	0.185761496	53000	33000	80000	0.002648378	0.17462518
Bachelors	Agriculture and natural resources	Forestry	7	2739	60064.68614	41981.65089	83103.41935	232945	69556.36688	0	0	0.968412911	0.001611711	0.096576608	60000	42000	83000	0.001418273	0.093516192
Bachelors	Agriculture and natural resources	Natural resources management	7	3842	53263.91779	37046.1026	76307.55556	339808	64253.10764	0	0	0.957043797	0.00235108	0.140880912	53000	37000	76000	0.002240759	0.147748175
Bachelors	Architecture and engineering	Architecture	7	10729	63047.08637	39772.09032	90591.9835	1088167	73835.36062	0	0	0.937239571	0.007528861	0.080722459	63000	40000	91000	0.007534295	0.091305578
Bachelors	Architecture and engineering	General engineering	7	16794	78265.3486	50580.78833	109135.8158	2147250	88857.82334	0	0	0.961026763	0.014856494	0.159287407	78000	51000	109000	0.013234291	0.160381916
Bachelors	Architecture and engineering	Aerospace engineering	7	2504	88516.76445	63225.98541	120149.522	253132	98878.17327	0	0	0.967663198	0.001751382	0.018777851	89000	63000	120000	0.001501329	0.0181941
Bachelors	Architecture and engineering	Architectural engineering	7	677	77334.62006	54350.93653	106333.6627	68482	88329.09072	0	0	0.950509605	0.000473817	0.005080135	77000	54000	106000	0.00042769	0.005183032
Bachelors	Architecture and engineering	Biomedical engineering	7	1934	68254.5579	40697.36297	97831.68575	184762	80582.04235	0	0	0.953121491	0.00127834	0.013706024	68000	41000	98000	0.001227742	0.014878586
Bachelors	Architecture and engineering	Chemical engineering	7	7052	93603.93482	63225.98541	129903.836	692802	108643.9517	0	0	0.967416693	0.004793391	0.051393473	94000	63000	130000	0.004301107	0.052123671
Bachelors	Architecture and engineering	Civil engineering	7	14672	81526.40479	57611.99272	110087.9966	1398608	93297.7926	0	0	0.961425271	0.009676755	0.103751609	82000	58000	110000	0.008325107	0.100889166
Bachelors	Architecture and engineering	Electrical engineering	7	27131	92912.90919	65080.99106	123883.8789	2743697	102734.0228	0	0	0.960203666	0.018983219	0.203533069	93000	65000	124000	0.016643846	0.201701164
Bachelors	Architecture and engineering	"Engineering mechanics, physics, and science"	7	678	74020.2792	42150.65694	108987.1167	70502	85134.9205	0	0	0.965259465	0.000487793	0.005229983	74000	42000	109000	0.000438193	0.005310314
Bachelors	Architecture and engineering	Environmental engineering	7	608	75004.2924	55043.99831	99430.2258	56650	83558.28252	0	0	0.966905321	0.000391953	0.004202413	75000	55000	99000	0.00037931	0.004596733
Bachelors	Architecture and engineering	Geological and geophysical engineering	7	210	91677.67885	63080.9126	122092.0889	20119	113060.6791	0	0	0.989286615	0.0001392	0.001492469	92000	63000	122000	0.000130356	0.001579738
Bachelors	Architecture and engineering	Industrial and manufacturing engineering	7	5564	81140.01461	54350.93653	110137.0618	544929	94871.49959	0	0	0.957847237	0.00377028	0.04042395	81000	54000	110000	0.003379068	0.040949782
Bachelors	Architecture and engineering	Mechanical engineering	7	23090	86961.49844	62077.25301	117398.0229	2281003	99277.63131	0	0	0.968720539	0.01578191	0.169209479	87000	62000	117000	0.013285068	0.160997263
Bachelors	Architecture and engineering	Metallurgical engineering	7	361	97831.68575	67153.67794	130442.2477	30999	111644.8602	0	0	0.975878329	0.000214477	0.002299569	98000	67000	130000	0.000195505	0.002369255
Bachelors	Architecture and engineering	Mining and mineral engineering	7	459	97831.68575	60064.68614	141312.435	41426	111781.5404	0	0	0.965685639	0.00028662	0.003073066	98000	60000	141000	0.000242049	0.002933313
Bachelors	Architecture and engineering	Petroleum engineering	7	740	134882.1022	87751.0809	250014.308	73220	183474.488	0	0	0.967794571	0.000506598	0.00543161	135000	88000	250000	0.000444236	0.00538355
Bachelors	Architecture and engineering	Miscellaneous engineering	7	2584	75093.45122	48938.57897	103266.7794	257940	86996.68617	0	0	0.960557613	0.001784647	0.019134518	75000	49000	103000	0.001574749	0.019083847
Bachelors	Architecture and engineering	Engineering technologies	7	1636	66286.8172	44035.19865	100107.8102	177179	78139.79223	0	0	0.961698898	0.001225874	0.013143502	66000	44000	100000	0.001078893	0.013074739
Bachelors	Architecture and engineering	Engineering and industrial management	7	1320	76924.94892	50871.70371	113560.2223	121795	95261.96066	0	0	0.957643986	0.000842681	0.009035003	77000	51000	114000	0.000753676	0.009133551
Bachelors	Architecture and engineering	Industrial production technologies	7	3632	73763.64965	50002.8616	101743.4074	348441	82943.47375	0	0	0.9584187	0.00241081	0.025848068	74000	50000	102000	0.002058174	0.024942316
Bachelors	Architecture and engineering	Mechanical engineering related technologies	7	1443	68494.81753	47337.83855	93574.79713	139248	76229.10798	0	0	0.958909077	0.000963436	0.010329702	68000	47000	94000	0.000823106	0.009974943
Bachelors	Architecture and engineering	Miscellaneous engineering technologies	7	7144	71557.1978	47419.48906	100005.7232	739999	78714.20727	0	0	0.957233119	0.00511994	0.054894643	72000	47000	100000	0.004539564	0.055013442
Bachelors	Arts	Fine arts	7	16735	43480.74922	25809.14144	68254.5579	1828483	54654.62053	0	0	0.937968527	0.012650994	0.299173955	43000	26000	68000	0.01473255	0.305559221
Bachelors	Arts	Drama and theater arts	7	5563	40876.87061	26344.16059	63080.9126	596636	52576.04355	0	0	0.932738482	0.004128033	0.097620788	41000	26000	63000	0.004808914	0.099738876
Bachelors	Arts	Music	7	7546	43359.35762	25809.14144	66052.79797	823437	52639.52059	0	0	0.958263759	0.005697234	0.134729666	43000	26000	66000	0.00667904	0.138526078
Bachelors	Arts	Visual and performing arts	7	1704	38848.34543	24131.2511	60074.76098	179206	49711.62055	0	0	0.933982285	0.001239899	0.029321447	39000	24000	60000	0.001552406	0.032197546
Bachelors	Arts	Commercial art and graphic design	7	17675	46741.80541	30824.63905	71220.38519	1929247	57693.78558	0	0	0.941305238	0.013348164	0.315660826	47000	31000	71000	0.014533176	0.301424128
Bachelors	Arts	"Film, video, and photographic arts"	7	4466	44391.72328	26032.39642	70200.86472	506451	59125.89554	0	0	0.929114935	0.003504057	0.082864839	44000	26000	70000	0.003839889	0.079640895
Bachelors	Arts	Studio arts	7	2621	37935.59125	23400.98371	57957.15329	248312	46773.69226	0	0	0.935111062	0.001718033	0.040628479	38000	23000	58000	0.002069064	0.042913256
Bachelors	Biology and life sciences	Environmental science	7	4787	54795.85402	36627.62667	80099.6813	467865	64094.80563	0	0	0.953592234	0.003237086	0.102982739	55000	37000	80000	0.003232597	0.095981708
Bachelors	Biology and life sciences	Biology	7	27312	53924.00593	35301.17519	81526.40479	2786546	66522.34641	0	0	0.953408812	0.019279685	0.613352439	54000	35000	82000	0.020728385	0.615463693
Bachelors	Biology and life sciences	Biochemical sciences	7	2309	56524.97399	35610.1926	86961.49844	247393	71188.15688	0	0	0.952165309	0.001711674	0.054454188	57000	36000	87000	0.001891442	0.05616039
Bachelors	Biology and life sciences	Botany	7	391	48589.73725	30037.38049	73763.64965	38030	57737.70575	0	0	0.975550909	0.000263124	0.008370862	49000	30000	74000	0.000304046	0.009027674
Bachelors	Biology and life sciences	Molecular biology	7	894	53392.67836	33143.4086	81394.72593	90461	67790.68087	0	0	0.96251946	0.000625886	0.019911559	53000	33000	81000	0.000711563	0.021127596
Bachelors	Biology and life sciences	Ecology	7	1837	48438.71851	31925.51902	71656.1168	174356	57740.93031	0	0	0.961527508	0.001206342	0.038377862	48000	32000	72000	0.001238157	0.036763161
Bachelors	Biology and life sciences	Microbiology	7	2202	59658.13548	39132.6743	88070.39729	223874	71104.73986	0	0	0.957599565	0.00154895	0.049277372	60000	39000	88000	0.001683793	0.049994903
Bachelors	Biology and life sciences	Zoology	7	1666	53683.0142	33720.52555	82565.99746	164044	64936.55552	0	0	0.958181041	0.001134995	0.036108066	54000	34000	83000	0.001212479	0.036000707
Bachelors	Biology and life sciences	Neuroscience	7	286	44224.70063	30037.38049	74330.32735	31428	60032.56358	0	0	0.943742719	0.000217446	0.006917683	44000	30000	74000	0.000281587	0.008360832
Bachelors	Biology and life sciences	Miscellaneous biology	7	3112	52906.57186	34068.0667	77334.62006	319143	63550.96326	0	0	0.959297889	0.002208102	0.07024723	53000	34000	77000	0.002395249	0.071119336
Bachelors	Business	General business	7	72368	61941.93946	39229.89499	98074.73747	8493556	81295.91494	0	0	0.958698184	0.058765613	0.209841218	62000	39000	98000	0.054776658	0.210092715
Bachelors	Business	Accounting	7	68530	66052.79797	42273.7907	100124.6016	7068773	85779.98854	0	0	0.958334086	0.048907757	0.174640626	66000	42000	100000	0.045617788	0.174964394
Bachelors	Business	Actuarial science	7	469	88070.39729	58699.01145	132105.5959	48597	114548.6579	0	0	0.971046356	0.000336235	0.001200634	88000	59000	132000	0.000291494	0.00111801
Bachelors	Business	Business management and administration	7	125046	60074.76098	39772.09032	90551.6326	12537715	75712.83986	0	0	0.952957055	0.086746529	0.309755935	60000	40000	91000	0.08032831	0.3080946
Bachelors	Business	Operations logistics and e-commerce	7	2719	68494.81753	48438.71851	96946.51096	283750	79636.98589	0	0	0.964466637	0.001963223	0.007010308	68000	48000	97000	0.001681726	0.006450161
Bachelors	Business	Business economics	7	3083	71810.71863	46236.95858	110478.0287	296362	98486.05178	0	0	0.953113053	0.002050483	0.007321899	72000	46000	110000	0.001854278	0.007111974
Bachelors	Business	Marketing and marketing research	7	44018	60074.76098	39993.04638	93906.32436	4708319	78958.96987	0	0	0.955296327	0.032576138	0.116323409	60000	40000	94000	0.031322501	0.120135646
Bachelors	Business	Finance	7	35544	71220.38519	45654.78668	108701.8731	3775535	95722.43062	0	0	0.960445831	0.026122348	0.093278111	71000	46000	109000	0.02343058	0.089866639
Bachelors	Business	Human resources and personnel management	7	7417	55849.62045	38667.31003	81753.74121	772928	68635.10743	0	0	0.949660415	0.00534777	0.019095907	56000	39000	82000	0.005100931	0.019564328
Bachelors	Business	International business	7	3408	56524.97399	38530.79882	86172.86236	375074	72575.95065	0	0	0.94410746	0.00259508	0.009266553	57000	39000	86000	0.002645196	0.010145498
Bachelors	Business	Hospitality management	7	7971	49715.1129	33026.39899	75093.45122	862853	63232.29508	0	0	0.95468953	0.005969948	0.021317588	50000	33000	75000	0.005911704	0.022673999
Bachelors	Business	Management information systems and statistics	7	8430	77427.42432	52650.64854	106058.9075	836764	87653.6266	0	0	0.965110405	0.005789442	0.020673035	77000	53000	106000	0.004982405	0.019109728
Bachelors	Business	Miscellaneous business and medical administration	7	4099	55239.01433	35100.43236	86718.71524	415883	71333.58824	0	0	0.951931862	0.002877431	0.010274777	55000	35000	87000	0.002782549	0.010672308
Bachelors	Communications and journalism	Communications and mass media	7	47438	52688.32118	35228.15892	81753.74121	5114109	68087.5364	0	0	0.946339008	0.035383737	0.684971609	53000	35000	82000	0.035866994	0.68465603
Bachelors	Communications and journalism	Journalism	7	15265	54350.93653	35610.1926	84301.31388	1576579	69734.46833	0	0	0.949968297	0.010908109	0.211163246	54000	36000	84000	0.011110247	0.212080709
Bachelors	Communications and journalism	Advertising and public relations	7	7391	52906.57186	36460.31825	81394.72593	775474	68427.40309	0	0	0.949657385	0.005365386	0.103865145	53000	36000	81000	0.00540964	0.103263261
Bachelors	"Computers, statistics, and mathematics"	Computer and information systems	7	13010	68494.81753	47058.56276	96946.51096	1402053	76177.88329	0	0	0.954180707	0.00970059	0.156659358	68000	47000	97000	0.008604229	0.151242228
Bachelors	"Computers, statistics, and mathematics"	Computer science	7	36688	82589.25261	54350.93653	113560.2223	3983330	92322.76425	0	0	0.958896629	0.02756005	0.445080121	83000	54000	114000	0.024757754	0.435183429
Bachelors	"Computers, statistics, and mathematics"	Information sciences	7	4027	73763.64965	50062.30081	101743.4074	417861	81898.00448	0	0	0.959559709	0.002891116	0.046689987	74000	50000	102000	0.002517489	0.044251575
Bachelors	"Computers, statistics, and mathematics"	Computer engineering	7	7767	87108.40341	61867.69605	115914.3066	821404	96889.10601	0	0	0.957591618	0.005683168	0.091780142	87000	62000	116000	0.00511048	0.089830295
Bachelors	"Computers, statistics, and mathematics"	Miscellaneous computer	7	8241	56780.11117	38045.65557	84447.02816	871565	67784.7511	0	0	0.941560351	0.006030225	0.097384916	57000	38000	84000	0.005703101	0.100247171
Bachelors	"Computers, statistics, and mathematics"	Mathematics	7	12905	70087.22114	43480.74922	108398.3941	1290032	88814.19371	0	0	0.95982445	0.008925534	0.144142614	70000	43000	108000	0.009065017	0.159341794
Bachelors	"Computers, statistics, and mathematics"	Applied mathematics	7	795	82412.16001	50069.73439	115592.3965	75302	95577.33309	0	0	0.942239566	0.000521003	0.008413921	82000	50000	116000	0.000516678	0.009081987
Bachelors	"Computers, statistics, and mathematics"	Statistics and decision science	7	862	74020.2792	44191.21147	110137.0618	88145	92895.69747	0	0	0.955647898	0.000609862	0.009848942	74000	44000	110000	0.000615641	0.010821523
Bachelors	Education	General education	7	30147	44035.19865	31928.15028	59447.51817	3630384	50329.31564	0	0	0.964166186	0.025118071	0.326186179	44000	32000	59000	0.02847426	0.31452462
Bachelors	Education	Elementary education	7	33831	41981.65089	32038.62831	52906.57186	2996206	45308.57699	0	0	0.967138764	0.02073029	0.269205954	42000	32000	53000	0.026577593	0.29357417
Bachelors	Education	Mathematics teacher education	7	1880	46496.73719	36132.79802	61941.93946	170106	54244.11912	0	0	0.972724173	0.001176937	0.015283845	46000	36000	62000	0.001340723	0.01480953
Bachelors	Education	Physical and health education teaching	7	8518	48915.84287	33143.4086	67083.48309	815028	57188.46873	0	0	0.965324271	0.005639054	0.073229408	49000	33000	67000	0.005934308	0.065549934
Bachelors	Education	Early childhood education	7	4844	37645.06074	27175.46826	48915.84287	484113	40792.574	0	0	0.957579953	0.003349504	0.043497043	38000	27000	49000	0.00424312	0.0468692
Bachelors	Education	Science and computer teacher education	7	1629	47058.56276	35228.15892	63080.9126	144881	53654.17844	0	0	0.963268162	0.001002409	0.013017405	47000	35000	63000	0.001106029	0.01221712
Bachelors	Education	Secondary teacher education	7	5337	46801.96741	35610.1926	63080.9126	484424	54067.78985	0	0	0.965723029	0.003351655	0.043524986	47000	36000	63000	0.003612454	0.039902904
Bachelors	Education	Special needs education	7	4643	44191.21147	34774.29198	56069.77691	437680	48231.66625	0	0	0.961921488	0.003028241	0.039325087	44000	35000	56000	0.003718172	0.041070657
Bachelors	Education	Social science or history teacher education	7	3168	44767.09926	33026.39899	60873.04891	290884	53097.96556	0	0	0.96515167	0.002012582	0.026135621	45000	33000	61000	0.002218175	0.024501795
Bachelors	Education	Teacher education: multiple levels	7	2496	41294.62631	31612.99271	53360.88784	227463	45890.32414	0	0	0.971739144	0.001573782	0.020437311	41000	32000	53000	0.001786998	0.019739051
Bachelors	Education	Language and drama education	7	4021	44035.19865	33143.4086	56144.87828	373825	49050.40346	0	0	0.961052825	0.002586438	0.033587783	44000	33000	56000	0.003244664	0.035840319
Bachelors	Education	Art and music education	7	5830	43415.17665	30970.96973	57448.5749	560393	47750.57407	0	0	0.968051046	0.003877273	0.050350721	43000	31000	57000	0.004542822	0.050179688
Bachelors	Education	Miscellaneous education	7	5936	50062.30081	35132.01311	72265.59603	514404	59176.09693	0	0	0.959919469	0.003559083	0.046218658	50000	35000	72000	0.003731784	0.041221012
Bachelors	Health	Nutrition sciences	7	2025	47559.18577	31612.99271	68494.81753	213425	56887.20043	0	0	0.954462216	0.001476655	0.019816285	48000	32000	68000	0.00178078	0.023486282
Bachelors	Health	Communication disorders sciences and services	7	1744	44258.18979	31540.4563	62172.21899	177122	51652.27045	0	0	0.960864455	0.00122548	0.01644559	44000	32000	62000	0.001607933	0.02120664
Bachelors	Health	Health and medical administrative services	7	4819	52688.32118	36329.03888	77427.42432	496850	62905.55834	0	0	0.956143538	0.003437629	0.046131997	53000	36000	77000	0.003276657	0.043215034
Bachelors	Health	Health and medical preparatory programs	7	647	48836.83556	30523.02223	79492.15564	74756	65800.34451	0	0	0.949010078	0.000517225	0.006941016	49000	31000	79000	0.000614687	0.008106954
Bachelors	Health	Nursing	7	62439	65221.12383	49715.1129	84301.31388	6639314	70062.07477	0	0	0.979242312	0.045936396	0.616453278	65000	50000	84000	0.045674254	0.602386666
Bachelors	Health	Pharmacy and pharmaceutical sciences and administration	7	5586	110087.9966	71810.71863	130442.2477	550534	107813.3093	0	0	0.971797042	0.00380906	0.051116499	110000	72000	130000	0.003697146	0.048760768
Bachelors	Health	Treatment therapy professions	7	9423	61941.93946	40049.84065	82858.5215	949032	66677.78486	0	0	0.980812755	0.006566207	0.088116617	62000	40000	83000	0.007018556	0.092566037
Bachelors	Health	Miscellaneous health medical professions	7	15971	54350.93653	37645.06074	73763.64965	1669149	61415.52145	0	0	0.964773311	0.011548586	0.154978718	54000	38000	74000	0.012152139	0.160271621
Bachelors	Humanities and liberal arts	Area ethnic and civilization studies	7	3281	48389.37655	30970.96973	75093.45122	333815	65196.02736	0	0	0.938672787	0.002309615	0.029863734	48000	31000	75000	0.002661162	0.030931075
Bachelors	Humanities and liberal arts	Linguistics and comparative language and literature	7	1798	45784.53334	27619.50717	70456.31784	193540	57753.79097	0	0	0.926654972	0.001339074	0.017314462	46000	28000	70000	0.001747572	0.020312284
Bachelors	Humanities and liberal arts	"French, german, latin and other common foreign language studies"	7	6076	49539.59848	32038.62831	71810.71863	615709	60600.19807	0	0	0.951077337	0.004259996	0.055082516	50000	32000	72000	0.005119439	0.059503994
Bachelors	Humanities and liberal arts	Other foreign languages	7	1518	46801.96741	30037.38049	77178.32987	156149	63238.47141	0	0	0.94262147	0.001080371	0.013969391	47000	30000	77000	0.001396095	0.016227021
Bachelors	Humanities and liberal arts	English language and literature	7	30293	49715.1129	32610.56192	77334.62006	3150928	64801.36595	0	0	0.944781125	0.021800788	0.281888101	50000	33000	77000	0.024934514	0.289817551
Bachelors	Humanities and liberal arts	Composition and speech	7	2032	43528.34329	30037.38049	68494.81753	208706	56702.32329	0	0	0.929940555	0.001444005	0.018671242	44000	30000	68000	0.001601033	0.018609041
Bachelors	Humanities and liberal arts	Liberal arts	7	19103	50062.30081	32610.56192	76924.94892	2091154	63639.7869	0	0	0.94511737	0.014468374	0.187078673	50000	33000	77000	0.015872282	0.184485885
Bachelors	Humanities and liberal arts	Humanities	7	1338	45295.99175	30037.38049	68254.5579	136280	57173.20345	0	0	0.923748898	0.0009429	0.012191872	45000	30000	68000	0.001145359	0.013312675
Bachelors	Humanities and liberal arts	Multi/interdisciplinary studies	7	1800	45424.08894	32557.89037	57993.74223	171520	51597.7397	0	0	0.941680699	0.001186721	0.01534451	45000	33000	58000	0.001270926	0.014772156
Bachelors	Humanities and liberal arts	Intercultural and international studies	7	1854	48059.80878	31925.51902	75093.45122	192792	63185.8341	0	0	0.940888958	0.001333898	0.017247545	48000	32000	75000	0.001517217	0.017634834
Bachelors	Humanities and liberal arts	Philosophy and religious studies	7	6034	47117.66255	29938.60407	74859.8377	631720	64411.66971	0	0	0.940314308	0.004370774	0.056514891	47000	30000	75000	0.004822739	0.056055407
Bachelors	Humanities and liberal arts	Theology and religious vocations	7	7772	40697.36297	27033.64244	58346.63821	754856	48776.86595	0	0	0.963119318	0.005222733	0.067530875	41000	27000	58000	0.00542225	0.06302361
Bachelors	Humanities and liberal arts	Art history and criticism	7	2522	45424.08894	29349.50572	71810.71863	257793	62725.12289	0	0	0.940270214	0.00178363	0.023062659	45000	29000	72000	0.002205817	0.025638536
Bachelors	Humanities and liberal arts	History	7	22226	51924.67347	33480.1769	82565.99746	2282977	70858.57998	0	0	0.947546458	0.015795568	0.204239529	52000	33000	83000	0.016318809	0.189675931
Bachelors	"Industrial arts, consumer services, and recreation"	Family and consumer sciences	7	10623	42150.65694	29505.58815	61046.04445	1051488	50526.22916	0	0	0.958011642	0.007275084	0.274555575	42000	30000	61000	0.009042834	0.331620758
Bachelors	"Industrial arts, consumer services, and recreation"	Military technologies	7	109	71220.38519	36881.82482	98122.10959	12460	90889.78603	0	0	0.975674067	8.62088E-05	0.003253449	71000	37000	98000	7.81893E-05	0.002867374
Bachelors	"Industrial arts, consumer services, and recreation"	"Physical fitness, parks, recreation, and leisure"	7	14064	45784.53334	31540.4563	65333.51826	1480369	54589.49947	0	0	0.961796217	0.010242446	0.386541323	46000	32000	65000	0.010205213	0.374247796
Bachelors	"Industrial arts, consumer services, and recreation"	Miscellaneous industrial arts and consumer services	7	6508	61046.04445	38530.79882	90112.14146	713533	73018.32107	0	0	0.957963083	0.004936826	0.186311649	61000	39000	90000	0.004414931	0.16190532
Bachelors	"Industrial arts, consumer services, and recreation"	Transportation sciences and technologies	7	5473	72265.59603	44035.19865	105440.8169	571932	84741.8206	0	0	0.966310708	0.00395711	0.149338004	72000	44000	105000	0.003527432	0.129358752
Bachelors	Law and public policy	Pre-law and legal studies	7	2618	49715.1129	33143.4086	72830.25494	288685	61436.73852	0	0	0.932184705	0.001997367	0.069383941	50000	33000	73000	0.002048	0.077585611
Bachelors	Law and public policy	Criminal justice and fire protection	7	33511	53943.11834	36881.82482	78097.18927	3611955	62933.93247	0	0	0.957545701	0.024990563	0.868114632	54000	37000	78000	0.022584367	0.855577021
Bachelors	Law and public policy	Public administration	7	2005	60548.39814	39893.58741	92396.59209	203764	72687.90957	0	0	0.942748679	0.001409812	0.04897362	61000	40000	92000	0.001363225	0.051643881
Bachelors	Law and public policy	Public policy	7	587	63225.98541	38713.71216	99079.19696	56285	84365.12146	0	0	0.941336291	0.000389427	0.013527808	63000	39000	99000	0.000401057	0.015193488
Bachelors	Physical sciences	Multidisciplinary or general science	7	12967	56780.11117	36881.82482	86961.49844	1615230	71090.60444	0	0	0.956894509	0.011175529	0.456728519	57000	37000	87000	0.011023709	0.456116705
Bachelors	Physical sciences	Physical sciences	7	314	59786.03018	38667.31003	96656.23705	32857	72670.46531	0	0	0.953981978	0.000227333	0.009290769	60000	39000	97000	0.000214622	0.008880203
Bachelors	Physical sciences	Astronomy and astrophysics	7	139	63851.03804	34784.59938	110478.0287	14004	83263.80173	0	0	0.91358717	9.68915E-05	0.003959824	64000	35000	110000	0.000100856	0.004173026
Bachelors	Physical sciences	Atmospheric sciences and meteorology	7	610	65221.12383	41096.89052	100124.6016	62705	76436.54178	0	0	0.966208732	0.000433846	0.017730702	65000	41000	100000	0.000375669	0.015543662
Bachelors	Physical sciences	Chemistry	7	8681	61076.00699	40049.84065	93906.32436	896613	75073.04359	0	0	0.954031726	0.006203528	0.253529669	61000	40000	94000	0.006290549	0.26027759
Bachelors	Physical sciences	Geology and earth science	7	4130	64279.75184	41062.82274	99430.2258	396518	81555.74793	0	0	0.949655862	0.002743447	0.112120923	64000	41000	99000	0.002645206	0.109447974
Bachelors	Physical sciences	Geosciences	7	325	65182.03691	41306.71176	91569.06668	31316	75507.0665	0	0	0.948496952	0.000216671	0.00885503	65000	41000	92000	0.000219348	0.009075751
Bachelors	Physical sciences	Oceanography	7	424	60873.04891	38667.31003	91677.67885	39735	72041.15998	0	0	0.949738725	0.00027492	0.011235618	61000	39000	92000	0.000273597	0.011320346
Bachelors	Physical sciences	Physics	7	3559	76307.55556	41714.79704	116001.9301	364091	90830.18715	0	0	0.958079064	0.00251909	0.102951743	76000	42000	116000	0.002488479	0.102963233
Bachelors	Physical sciences	"Nuclear, industrial radiology, and biological technologies"	7	832	65221.12383	46456.45459	88382.42293	83452	75002.47356	0	0	0.966280661	0.000577392	0.023597202	65000	46000	88000	0.00053658	0.02220151
Bachelors	Psychology and social work	Psychology	7	49141	45784.53334	31612.99271	70087.22114	5215683	58201.71317	0	0	0.943382212	0.036086512	0.777641884	46000	32000	70000	0.040491705	0.783770535
Bachelors	Psychology and social work	Industrial and organizational psychology	7	586	64279.75184	38989.35767	95118.37154	59182	77680.90385	0	0	0.927067389	0.000409471	0.00882385	64000	39000	95000	0.0004366	0.00845097
Bachelors	Psychology and social work	Social psychology	7	280	49539.59848	35828.0584	73763.64965	25871	59552.53472	0	0	0.903357784	0.000178998	0.003857285	50000	36000	74000	0.000214177	0.004145674
Bachelors	Psychology and social work	Human services and community organization	7	3023	40043.12409	29505.45986	55239.01433	312289	48168.26993	0	0	0.933940148	0.00216068	0.046561305	40000	30000	55000	0.002285333	0.044235643
Bachelors	Psychology and social work	Social work	7	10500	41051.08667	30824.63905	55068.53089	1094025	46855.93597	0	0	0.950549408	0.007569391	0.163115677	41000	31000	55000	0.008234889	0.159397178
Bachelors	Social sciences	Interdisciplinary social sciences	7	2086	45114.37924	32003.33539	68254.5579	207938	55938.24599	0	0	0.949162619	0.001438691	0.021258174	45000	32000	68000	0.001567325	0.02286937
Bachelors	Social sciences	General social sciences	7	3656	50062.30081	33907.10296	75093.45122	366047	61711.8131	0	0	0.947417064	0.002532623	0.037422169	50000	34000	75000	0.00279266	0.040748645
Bachelors	Social sciences	Economics	7	26212	71220.38519	43480.74922	114136.9667	2789121	102055.145	0	0	0.95413929	0.019297501	0.28514086	71000	43000	114000	0.018597048	0.271355791
Bachelors	Social sciences	Anthropology and archeology	7	4419	44767.09926	28996.87111	68496.37777	451147	57252.40807	0	0	0.937129173	0.003121417	0.046122217	45000	29000	68000	0.003588523	0.052361349
Bachelors	Social sciences	Criminology	7	2960	52176.89906	36132.79802	76395.05866	316455	61671.95345	0	0	0.956061273	0.002189504	0.032352218	52000	36000	76000	0.002021406	0.029495016
Bachelors	Social sciences	Geography	7	4602	55849.62045	39048.59463	82565.99746	452674	67392.84653	0	0	0.947641222	0.003131982	0.046278327	56000	39000	83000	0.003064684	0.044717829
Bachelors	Social sciences	International relations	7	2700	58346.63821	39132.6743	94621.3689	289977	80080.09749	0	0	0.946683923	0.002006306	0.029645287	58000	39000	95000	0.002116553	0.030883341
Bachelors	Social sciences	Political science and government	7	25683	60548.39814	38667.31003	96744.66701	2732281	81737.4465	0	0	0.945272485	0.018904234	0.279329923	61000	39000	97000	0.01879141	0.27419179
Bachelors	Social sciences	Sociology	7	20550	48836.83556	33143.4086	72089.71317	2116955	60270.67465	0	0	0.949812462	0.014646887	0.216423156	49000	33000	72000	0.015573621	0.227239952
Bachelors	Social sciences	Miscellaneous social sciences	7	582	56343.79462	39219.70018	86961.49844	58960	73172.41146	0	0	0.956621953	0.000407935	0.006027672	56000	39000	87000	0.000420586	0.006136917
Graduate degree	Agriculture and natural resources	General agriculture	7	1466	66286.8172	41429.26075	99430.2258	142560	84849.46299	1	1	0.972218877	0.001736176	0.151074562	66000	41000	99000	0.001639009	0.151195666
Graduate degree	Agriculture and natural resources	Agricultural economics	7	638	81394.72593	51634.55475	122092.0889	53384	105978.0129	1	1	0.979380418	0.000650141	0.056572422	81000	52000	122000	0.00058797	0.054239173
Graduate degree	Agriculture and natural resources	Animal sciences	7	2851	72265.59603	45136.07861	104583.5968	249740	87002.10415	1	1	0.989076027	0.003041475	0.264656013	72000	45000	105000	0.002767743	0.255319341
Graduate degree	Agriculture and natural resources	Food science	7	627	79263.35756	53683.0142	122092.0889	62278	102023.0827	1	1	0.980532552	0.000758457	0.065997626	79000	54000	122000	0.000810763	0.074791443
Graduate degree	Agriculture and natural resources	Plant science and agronomy	7	1231	66387.28468	44035.19865	102204.2001	109380	80024.85134	1	1	0.973916074	0.001332092	0.115912848	66000	44000	102000	0.001298562	0.119789977
Graduate degree	Agriculture and natural resources	Soil science	7	137	71220.38519	45136.07861	100005.7232	11676	80852.44482	1	1	0.972258553	0.000142197	0.012373363	71000	45000	100000	0.000142847	0.013177333
Graduate degree	Agriculture and natural resources	Miscellaneous agriculture	7	1060	66133.21482	44035.19865	102381.8369	92372	86586.08632	1	1	0.966962893	0.001124959	0.097889026	66000	44000	102000	0.001036797	0.09564262
Graduate degree	Agriculture and natural resources	Forestry	7	937	75093.45122	50062.30081	110137.0618	82804	88020.50332	1	1	0.971200898	0.001008434	0.087749566	75000	50000	110000	0.000937782	0.086508734
Graduate degree	Agriculture and natural resources	Natural resources management	7	1590	68168.08297	47058.56276	100124.6016	139446	84546.85887	1	1	0.9721049	0.001698252	0.147774575	68000	47000	100000	0.001618847	0.149335714
Graduate degree	Architecture and engineering	Architecture	7	6051	71656.1168	47819.40149	105130.8317	594479	89032.2635	1	1	0.944249129	0.007239902	0.068452111	72000	48000	105000	0.007325852	0.076699865
Graduate degree	Architecture and engineering	General engineering	7	10726	101743.4074	67391.59748	142440.7704	1266031	121305.2141	1	1	0.971194586	0.015418442	0.1457789	102000	67000	142000	0.013776707	0.144238715
Graduate degree	Architecture and engineering	Aerospace engineering	7	2590	111917.7482	82589.25261	145493.0726	243099	125157.3091	1	1	0.981759305	0.002960597	0.027991973	112000	83000	145000	0.002560323	0.026805954
Graduate degree	Architecture and engineering	Architectural engineering	7	303	82193.78103	61649.27811	120786.7819	27946	101109.1321	1	1	0.969730977	0.000340342	0.003217881	82000	62000	121000	0.000310778	0.00325377
Graduate degree	Architecture and engineering	Biomedical engineering	7	2245	85355.08031	52688.32118	132573.6344	218693	115794.4846	1	1	0.979662746	0.002663367	0.02518171	85000	53000	133000	0.002559816	0.026800641
Graduate degree	Architecture and engineering	Chemical engineering	7	6993	110137.0618	75004.2924	158064.9635	675789	136894.7478	1	1	0.972425348	0.008230141	0.077814664	110000	75000	158000	0.0075123	0.078651922
Graduate degree	Architecture and engineering	Civil engineering	7	8529	99079.19696	70087.22114	132266.4296	808649	115773.0842	1	1	0.969637069	0.009848185	0.093113014	99000	70000	132000	0.008847154	0.092627515
Graduate degree	Architecture and engineering	Electrical engineering	7	22135	112139.5538	82858.5215	152615.1111	2150276	131719.1855	1	1	0.970625959	0.026187278	0.247596521	112000	83000	153000	0.023312189	0.244072857
Graduate degree	Architecture and engineering	"Engineering mechanics, physics, and science"	7	867	108987.1167	77978.71534	154669.2401	80580	131968.7141	1	1	0.977143761	0.000981349	0.009278496	109000	78000	155000	0.000864281	0.009048803
Graduate degree	Architecture and engineering	Environmental engineering	7	646	88109.64943	61046.04445	120149.522	60732	102577.9905	1	1	0.970038099	0.000739629	0.006993071	88000	61000	120000	0.000701637	0.007345961
Graduate degree	Architecture and engineering	Geological and geophysical engineering	7	155	115592.3965	76307.55556	170636.3948	13987	147103.6491	1	1	0.990290069	0.000170342	0.001610553	116000	76000	171000	0.000153938	0.001611694
Graduate degree	Architecture and engineering	Industrial and manufacturing engineering	7	3806	102204.2001	73297.96169	143621.4373	372107	125195.4205	1	1	0.965223952	0.00453173	0.042846778	102000	73000	144000	0.004175877	0.043720396
Graduate degree	Architecture and engineering	Mechanical engineering	7	15776	106830.5778	78265.3486	143621.4373	1526848	126249.7584	1	1	0.973587795	0.018594819	0.175811037	107000	78000	144000	0.016213545	0.169751809
Graduate degree	Architecture and engineering	Metallurgical engineering	7	422	110087.9966	72265.59603	143114.3956	41773	125857.5519	1	1	0.967429236	0.000508735	0.00481001	110000	72000	143000	0.000451132	0.004723242
Graduate degree	Architecture and engineering	Mining and mineral engineering	7	253	105376.6424	76091.31114	154854.8486	23211	141564.8662	1	1	0.959392849	0.000282677	0.002672663	105000	76000	155000	0.000246187	0.002577517
Graduate degree	Architecture and engineering	Petroleum engineering	7	365	139173.1963	87751.0809	223277.8616	33969	180434.8805	1	1	0.976814706	0.000413694	0.003911408	139000	88000	223000	0.000351406	0.003679132
Graduate degree	Architecture and engineering	Miscellaneous engineering	7	1219	99708.53927	63225.98541	132105.5959	120214	115586.2221	1	1	0.96334502	0.001464034	0.013842208	100000	63000	132000	0.001377948	0.01442677
Graduate degree	Architecture and engineering	Engineering technologies	7	473	77334.62006	49553.55157	108701.8731	51405	93423.0543	1	1	0.959643344	0.000626039	0.0059191	77000	50000	109000	0.000577991	0.006051424
Graduate degree	Architecture and engineering	Engineering and industrial management	7	607	105376.6424	71950.2159	147527.2993	59000	124184.0547	1	1	0.949539746	0.000718535	0.006793637	105000	72000	148000	0.000667997	0.006993761
Graduate degree	Architecture and engineering	Industrial production technologies	7	810	88070.39729	60762.91576	117794.1564	75904	103167.2577	1	1	0.961540665	0.000924402	0.008740072	88000	61000	118000	0.000828691	0.008676193
Graduate degree	Architecture and engineering	Mechanical engineering related technologies	7	299	90272.15723	65039.03643	117794.1564	29517	101801.7797	1	1	0.969037809	0.000359475	0.003398776	90000	65000	118000	0.000324389	0.003396272
Graduate degree	Architecture and engineering	Miscellaneous engineering technologies	7	1942	88783.44656	61941.93946	118722.0506	210388	98324.77995	1	1	0.955845255	0.002562224	0.024225419	89000	62000	119000	0.002373102	0.024845788
Graduate degree	Arts	Fine arts	7	5287	55239.01433	35828.0584	81526.40479	513273	68388.40362	1	1	0.947268215	0.006250929	0.284181345	55000	36000	82000	0.007607922	0.284644142
Graduate degree	Arts	Drama and theater arts	7	2361	56524.97399	37346.47641	81753.74121	222925	70427.7649	1	1	0.940221964	0.002714907	0.123425792	57000	37000	82000	0.003187764	0.119267552
Graduate degree	Arts	Music	7	6180	56069.77691	34893.30125	82565.99746	607595	68294.82783	1	1	0.965994062	0.007399636	0.336404145	56000	35000	83000	0.009316543	0.348570791
Graduate degree	Arts	Visual and performing arts	7	644	54350.93653	37610.84808	79352.36733	65052	64922.83753	1	1	0.957359976	0.00079224	0.036017022	54000	38000	79000	0.000970897	0.036325305
Graduate degree	Arts	Commercial art and graphic design	7	2103	59877.20814	40043.12409	88516.37958	210146	73252.38561	1	1	0.94525955	0.002559277	0.116350505	60000	40000	89000	0.002889751	0.108117641
Graduate degree	Arts	"Film, video, and photographic arts"	7	862	54795.85402	34784.59938	82589.25261	90648	71099.26384	1	1	0.916349178	0.001103963	0.050188634	55000	35000	83000	0.001298668	0.048588609
Graduate degree	Arts	Studio arts	7	1082	52688.32118	34784.59938	73297.96169	96507	59238.78229	1	1	0.952436909	0.001175317	0.053432558	53000	35000	73000	0.001456292	0.054485959
Graduate degree	Biology and life sciences	Environmental science	7	2373	69548.58395	48059.80878	101280.9569	222958	84897.37718	1	1	0.965543537	0.002715309	0.031159996	70000	48000	101000	0.002698096	0.032109583
Graduate degree	Biology and life sciences	Biology	7	48143	90112.14146	53683.0142	160199.3626	4672735	132873.9242	1	1	0.980397212	0.056907211	0.653048581	90000	54000	160000	0.054569382	0.649421005
Graduate degree	Biology and life sciences	Biochemical sciences	7	6402	92912.90919	53683.0142	165131.9949	628639	135736.9833	1	1	0.977460058	0.007655922	0.087856856	93000	54000	165000	0.007280525	0.086644294
Graduate degree	Biology and life sciences	Botany	7	664	64951.918	41306.71176	101743.4074	61838	82321.19619	1	1	0.96200645	0.000753098	0.008642309	65000	41000	102000	0.000794304	0.009452875
Graduate degree	Biology and life sciences	Molecular biology	7	2150	86718.71524	51889.13778	152615.1111	203039	125431.7871	1	1	0.969398044	0.002472724	0.028376172	87000	52000	153000	0.002393772	0.028487871
Graduate degree	Biology and life sciences	Ecology	7	1177	65221.12383	44767.09926	99079.19696	104904	84306.86762	1	1	0.967967494	0.00127758	0.014661094	65000	45000	99000	0.001302461	0.015500364
Graduate degree	Biology and life sciences	Microbiology	7	3486	87499.33038	52650.64854	145180.6724	345922	124056.8764	1	1	0.970871326	0.004212834	0.048345107	87000	53000	145000	0.004072999	0.048472073
Graduate degree	Biology and life sciences	Zoology	7	3411	98074.73747	55239.01433	193052.378	316868	145481.5803	1	1	0.978466328	0.003858998	0.044284599	98000	55000	193000	0.003673096	0.0437129
Graduate degree	Biology and life sciences	Neuroscience	7	774	61867.69605	47488.82025	109591.7081	81480	104810.4624	1	1	0.969120066	0.00099231	0.011387421	62000	47000	110000	0.000983573	0.011705336
Graduate degree	Biology and life sciences	Miscellaneous biology	7	5140	76307.55556	48915.84287	124344.438	516881	109006.3099	1	1	0.979047577	0.006294869	0.072237866	76000	49000	124000	0.006259538	0.0744937
Graduate degree	Business	General business	7	22850	84301.31388	52064.79285	130442.2477	2581780	111346.0749	1	1	0.962678227	0.031442378	0.210320291	84000	52000	130000	0.029836482	0.212670153
Graduate degree	Business	Accounting	7	26313	86961.49844	56780.11117	132105.5959	2593482	115096.6787	1	1	0.967157023	0.031584892	0.211273574	87000	57000	132000	0.02895284	0.206371681
Graduate degree	Business	Actuarial science	7	139	106430.4088	63078.49902	180224.2829	13260	140574.0436	1	1	0.950099929	0.000161488	0.001080203	106000	63000	180000	0.000152024	0.001083607
Graduate degree	Business	Business management and administration	7	35134	78459.78998	50871.70371	117004.9185	3471231	99696.26998	1	1	0.959026068	0.042274616	0.282777895	78000	51000	117000	0.039720085	0.283119054
Graduate degree	Business	Operations logistics and e-commerce	7	908	95657.64828	66133.21482	130231.5615	87499	110545.1481	1	1	0.961741226	0.001065612	0.007127956	96000	66000	130000	0.000960152	0.006843828
Graduate degree	Business	Business economics	7	1336	95892.74454	57957.15329	150725.386	126444	125137.458	1	1	0.962630782	0.001539907	0.010300544	96000	58000	151000	0.001455331	0.010373386
Graduate degree	Business	Marketing and marketing research	7	8833	78097.18927	50580.78833	120057.2208	896512	101097.597	1	1	0.954358222	0.010918231	0.073032816	78000	51000	120000	0.010806448	0.077026809
Graduate degree	Business	Finance	7	15072	98074.73747	61076.00699	151188.1485	1569923	131819.9869	1	1	0.964925566	0.019119411	0.127891091	98000	61000	151000	0.017429863	0.124237556
Graduate degree	Business	Human resources and personnel management	7	3069	73758.95773	47819.40149	106430.4088	329187	91214.92771	1	1	0.952904321	0.004009026	0.026816656	74000	48000	106000	0.003816637	0.027204441
Graduate degree	Business	International business	7	1532	78265.3486	51089.88033	115914.3066	156004	97987.73434	1	1	0.957277283	0.001899905	0.012708599	78000	51000	116000	0.001961289	0.013979783
Graduate degree	Business	Hospitality management	7	1109	67153.67794	44035.19865	103778.2756	110658	88922.02606	1	1	0.941038039	0.001347656	0.009014565	67000	44000	104000	0.001432951	0.010213872
Graduate degree	Business	Management information systems and statistics	7	2395	91696.76379	64077.25662	126601.1961	233362	107363.8697	1	1	0.965764163	0.002842015	0.019010436	92000	64000	127000	0.002544229	0.018134898
Graduate degree	Business	Miscellaneous business and medical administration	7	977	73763.64965	48059.80878	115143.2919	106126	97729.60613	1	1	0.951770462	0.001292463	0.008645373	74000	48000	115000	0.001226306	0.008740933
Graduate degree	Communications and journalism	Communications and mass media	7	13883	65221.12383	44191.21147	97673.67112	1386050	82970.36808	1	1	0.958842881	0.016880101	0.677049674	65000	44000	98000	0.017562428	0.683632769
Graduate degree	Communications and journalism	Journalism	7	5115	68494.81753	45056.07073	103236.5658	500705	87975.29257	1	1	0.961216454	0.006097869	0.244581478	68000	45000	103000	0.006151435	0.239449938
Graduate degree	Communications and journalism	Advertising and public relations	7	1674	65080.99106	44555.44772	94675.67709	160436	77559.83826	1	1	0.966180461	0.00195388	0.078368848	65000	45000	95000	0.001975994	0.076917293
Graduate degree	"Computers, statistics, and mathematics"	Computer and information systems	7	3893	84301.31388	59010.91972	111917.7482	424296	94067.0066	1	1	0.965014833	0.005167317	0.093735564	84000	59000	112000	0.004849446	0.091462812
Graduate degree	"Computers, statistics, and mathematics"	Computer science	7	17111	100124.6016	71557.1978	132573.6344	1826995	114261.5745	1	1	0.967985728	0.022250179	0.403620131	100000	72000	133000	0.02079511	0.392205479
Graduate degree	"Computers, statistics, and mathematics"	Information sciences	7	1439	89815.81221	61076.00699	121525.8315	149081	99503.5545	1	1	0.965788698	0.001815593	0.032935007	90000	61000	122000	0.001698259	0.032029965
Graduate degree	"Computers, statistics, and mathematics"	Computer engineering	7	4841	103236.5658	77334.62006	137353.6	496417	117649.0698	1	1	0.97636557	0.006045647	0.109668551	103000	77000	137000	0.005442552	0.102649073
Graduate degree	"Computers, statistics, and mathematics"	Miscellaneous computer	7	1726	79032.48176	51618.28288	110087.9966	186794	90008.13961	1	1	0.945181329	0.002274883	0.041266571	79000	52000	110000	0.002239299	0.04223423
Graduate degree	"Computers, statistics, and mathematics"	Mathematics	7	13140	87751.0809	57071.02293	130161.9821	1269421	112574.2212	1	1	0.970786776	0.015459727	0.280440762	88000	57000	130000	0.015883833	0.299576494
Graduate degree	"Computers, statistics, and mathematics"	Applied mathematics	7	864	103236.5658	65115.78075	147628.289	80130	125186.4641	1	1	0.962000673	0.000975869	0.017702337	103000	65000	148000	0.000956289	0.018036058
Graduate degree	"Computers, statistics, and mathematics"	Statistics and decision science	7	948	97978.31699	66052.79797	131720.8029	93387	115096.6015	1	1	0.961718376	0.00113732	0.020631076	98000	66000	132000	0.001156169	0.021805889
Graduate degree	Education	General education	7	28162	58844.84248	44767.09926	77334.62006	3165284	65390.97105	1	1	0.975272013	0.03854862	0.313820039	59000	45000	77000	0.04128635	0.304935217
Graduate degree	Education	Elementary education	7	30730	56976.30815	45784.53334	72265.59603	2648200	61424.73425	1	1	0.984508115	0.032251278	0.26255408	57000	46000	72000	0.037438476	0.27651536
Graduate degree	Education	Mathematics teacher education	7	2380	61941.93946	49553.55157	79544.18064	208796	69102.2608	1	1	0.988807207	0.002542836	0.020700945	62000	50000	80000	0.002728157	0.020149788
Graduate degree	Education	Physical and health education teaching	7	5866	66286.8172	49715.1129	88048.51717	529308	76156.77902	1	1	0.978001888	0.006446212	0.0524779	66000	50000	88000	0.006811544	0.050309117
Graduate degree	Education	Early childhood education	7	3293	52064.79285	41413.02044	66286.8172	306295	55952.96188	1	1	0.98085206	0.003730234	0.03036742	52000	41000	66000	0.00424345	0.031341528
Graduate degree	Education	Science and computer teacher education	7	1809	63078.49902	50062.30081	84104.66537	160500	72555.09537	1	1	0.980767165	0.00195466	0.015912669	63000	50000	84000	0.002110802	0.015590092
Graduate degree	Education	Secondary teacher education	7	5348	63851.03804	49715.1129	82565.99746	469135	71416.0161	1	1	0.984934847	0.005713392	0.046512087	64000	50000	83000	0.005987625	0.044223759
Graduate degree	Education	Special needs education	7	6974	61046.04445	48438.71851	77334.62006	634910	65555.14113	1	1	0.982505203	0.007732293	0.062947742	61000	48000	77000	0.008820938	0.065150218
Graduate degree	Education	Social science or history teacher education	7	2834	60762.91576	46524.40167	83666.87743	249095	74127.65797	1	1	0.980029734	0.00303362	0.024696363	61000	47000	84000	0.003208416	0.023696912
Graduate degree	Education	Teacher education: multiple levels	7	2209	56069.77691	45424.08894	70456.31784	190861	60270.70944	1	1	0.984828462	0.002324413	0.018922791	56000	45000	70000	0.002490623	0.018395391
Graduate degree	Education	Language and drama education	7	5027	59658.13548	46293.25038	77061.59763	449878	64885.02707	1	1	0.975213072	0.005478869	0.044602864	60000	46000	77000	0.006252114	0.046177238
Graduate degree	Education	Art and music education	7	5183	59786.03018	45056.07073	77334.62006	470006	64270.21875	1	1	0.981872601	0.005723999	0.046598442	60000	45000	77000	0.006335585	0.046793749
Graduate degree	Education	Miscellaneous education	7	6567	63047.08637	47419.48906	82858.5215	604035	70340.80986	1	1	0.976870832	0.00735628	0.05988666	63000	47000	83000	0.00767976	0.056721632
Graduate degree	Health	Nutrition sciences	7	1713	65221.12383	45295.99175	100124.6016	168619	86568.05488	1	1	0.979931522	0.002053538	0.02857521	65000	45000	100000	0.002275921	0.031940354
Graduate degree	Health	Communication disorders sciences and services	7	7006	65182.03691	49539.59848	83963.30178	663661	74541.21737	1	1	0.986829827	0.008082439	0.112468064	65000	50000	84000	0.009310045	0.130657485
Graduate degree	Health	Health and medical administrative services	7	2079	76395.05866	50871.70371	109402.004	208452	92350.48778	1	1	0.956953396	0.002538646	0.035325555	76000	51000	109000	0.002394555	0.033605263
Graduate degree	Health	Health and medical preparatory programs	7	3072	115914.3066	55747.74551	221958.6164	321412	162744.3222	1	1	0.9763775	0.003914337	0.054468449	116000	56000	222000	0.00368693	0.051742496
Graduate degree	Health	Nursing	7	23061	86961.49844	63851.03804	112935.1822	2253173	99842.07553	1	1	0.98231929	0.027440416	0.381836518	87000	64000	113000	0.026266068	0.368618872
Graduate degree	Health	Pharmacy and pharmaceutical sciences and administration	7	6546	113952.6163	79098.43528	139202.3161	675277	124069.9748	1	1	0.979357018	0.008223906	0.114436583	114000	79000	139000	0.007618667	0.106920624
Graduate degree	Health	Treatment therapy professions	7	6717	71220.38519	50871.70371	95638.80297	695303	85571.0975	1	1	0.984626229	0.008467793	0.117830312	71000	51000	96000	0.008475345	0.118943278
Graduate degree	Health	Miscellaneous health medical professions	7	9054	70656.21748	49261.304	103128.3397	914987	89226.58686	1	1	0.972671645	0.01114323	0.15505931	71000	49000	103000	0.011227822	0.157571628
Graduate degree	Humanities and liberal arts	Area ethnic and civilization studies	7	3496	71810.71863	47488.82025	117398.0229	324667	100970.7129	1	1	0.962713087	0.003953979	0.037628551	72000	47000	117000	0.004284264	0.038278938
Graduate degree	Humanities and liberal arts	Linguistics and comparative language and literature	7	1833	63851.03804	42150.65694	97978.31699	187874	81386.7063	1	1	0.954616546	0.002288036	0.021774391	64000	42000	98000	0.002722487	0.024324806
Graduate degree	Humanities and liberal arts	"French, german, latin and other common foreign language studies"	7	6394	65221.12383	46057.31675	99123.35561	607136	87388.59011	1	1	0.9655535	0.007394046	0.070366399	65000	46000	99000	0.008286592	0.074038837
Graduate degree	Humanities and liberal arts	Other foreign languages	7	1553	66286.8172	44035.19865	105376.6424	145415	94376.79898	1	1	0.95815963	0.001770946	0.01685344	66000	44000	105000	0.002037078	0.018200834
Graduate degree	Humanities and liberal arts	English language and literature	7	27515	66052.79797	45056.07073	100124.6016	2611774	88850.26357	1	1	0.963598486	0.031807662	0.302701754	66000	45000	100000	0.035055128	0.313209683
Graduate degree	Humanities and liberal arts	Composition and speech	7	987	56069.77691	38998.74412	81394.72593	96140	71220.4153	1	1	0.957905926	0.001170847	0.011142521	56000	39000	81000	0.001331258	0.011894489
Graduate degree	Humanities and liberal arts	Liberal arts	7	7599	68494.81753	46400.77204	100124.6016	745954	88952.20866	1	1	0.9615112	0.00908465	0.086455254	68000	46000	100000	0.009996887	0.089319934
Graduate degree	Humanities and liberal arts	Humanities	7	873	68494.81753	46236.95858	104954.1272	82449	90150.00875	1	1	0.941170008	0.001004111	0.009555749	68000	46000	105000	0.001116191	0.009972918
Graduate degree	Humanities and liberal arts	Multi/interdisciplinary studies	7	763	55239.01433	43204.42336	76307.55556	67547	67982.46542	1	1	0.975677546	0.000822626	0.007828624	55000	43000	76000	0.000847705	0.007574057
Graduate degree	Humanities and liberal arts	Intercultural and international studies	7	1564	68254.5579	45056.07073	107163.6878	151576	96595.29008	1	1	0.954488268	0.001845978	0.017567493	68000	45000	107000	0.001997999	0.017851675
Graduate degree	Humanities and liberal arts	Philosophy and religious studies	7	8402	65221.12383	40697.36297	105376.6424	792803	93648.26213	1	1	0.962383778	0.009655204	0.091885002	65000	41000	105000	0.00981554	0.087699643
Graduate degree	Humanities and liberal arts	Theology and religious vocations	7	5974	49936.06896	32666.75913	71220.38519	544603	59206.07358	1	1	0.972260585	0.006632484	0.063118893	50000	33000	71000	0.006582565	0.058813733
Graduate degree	Humanities and liberal arts	Art history and criticism	7	1925	61941.93946	42045.2803	92912.90919	183043	87005.33396	1	1	0.95589019	0.002229201	0.021214484	62000	42000	93000	0.002619805	0.023407367
Graduate degree	Humanities and liberal arts	History	7	22194	75093.45122	48473.25548	121525.8315	2087228	107635.553	1	1	0.965576195	0.025419444	0.241907446	75000	48000	122000	0.025228737	0.225413086
Graduate degree	"Industrial arts, consumer services, and recreation"	Family and consumer sciences	7	4891	57993.74223	42150.65694	80086.24819	456378	67723.05529	1	1	0.970207945	0.00555803	0.347841132	58000	42000	80000	0.006402233	0.386398448
Graduate degree	"Industrial arts, consumer services, and recreation"	Military technologies	7	78	81394.72593	54350.93653	130442.2477	8932	123317.8399	1	1	0.92944312	0.000108779	0.006807771	81000	54000	130000	9.65129E-05	0.005824908
Graduate degree	"Industrial arts, consumer services, and recreation"	"Physical fitness, parks, recreation, and leisure"	7	6380	62972.47634	44191.21147	86718.71524	637959	76849.68072	1	1	0.980730603	0.007769426	0.48623812	63000	44000	87000	0.007650268	0.461721996
Graduate degree	"Industrial arts, consumer services, and recreation"	Miscellaneous industrial arts and consumer services	7	789	65221.12383	36457.74946	104954.1272	85674	82641.15928	1	1	0.930435034	0.001043387	0.065298812	65000	36000	105000	0.001055846	0.063724234
Graduate degree	"Industrial arts, consumer services, and recreation"	Transportation sciences and technologies	7	1255	95892.74454	65080.99106	126451.9708	123087	106429.6015	1	1	0.972048628	0.001499023	0.093814166	96000	65000	126000	0.001364132	0.082330414
Graduate degree	Law and public policy	Pre-law and legal studies	7	1280	73090.95919	45686.5186	119572.0604	149255	98817.23743	1	1	0.963104064	0.001817712	0.10851626	73000	46000	120000	0.001738006	0.110084806
Graduate degree	Law and public policy	Criminal justice and fire protection	7	9273	67103.76775	44191.21147	100005.7232	968210	80491.13977	1	1	0.964225565	0.011791409	0.703939754	67000	44000	100000	0.011032865	0.698818597
Graduate degree	Law and public policy	Public administration	7	1641	73090.95919	48560.43179	107848.0119	180571	91475.61326	1	1	0.953485077	0.002199096	0.131284644	73000	49000	108000	0.002081266	0.131826842
Graduate degree	Law and public policy	Public policy	7	824	90112.14146	60074.76098	139369.3638	77380	125237.9959	1	1	0.952248459	0.000942377	0.056259343	90000	60000	139000	0.000935744	0.059269755
Graduate degree	Physical sciences	Multidisciplinary or general science	7	7381	82589.25261	51618.28288	134207.5355	817386	116032.4047	1	1	0.972994758	0.009954589	0.210415948	83000	52000	134000	0.009731445	0.216333415
Graduate degree	Physical sciences	Physical sciences	7	244	80648.96092	44191.21147	126451.9708	22879	102655.2504	1	1	0.971325167	0.000278633	0.005889637	81000	44000	126000	0.000280263	0.006230342
Graduate degree	Physical sciences	Astronomy and astrophysics	7	270	97673.67112	60074.76098	149693.0204	26471	121745.6093	1	1	0.980604696	0.000322379	0.006814309	98000	60000	150000	0.0003076	0.00683806
Graduate degree	Physical sciences	Atmospheric sciences and meteorology	7	535	82613.42352	55043.99831	112139.5538	50433	90590.66689	1	1	0.97833883	0.000614202	0.012982737	83000	55000	112000	0.000561941	0.012492149
Graduate degree	Physical sciences	Chemistry	7	16980	101743.4074	60074.76098	162789.4519	1628470	136377.1792	1	1	0.97463697	0.019832429	0.419209601	102000	60000	163000	0.018806449	0.418073889
Graduate degree	Physical sciences	Geology and earth science	7	3690	86408.84673	55958.87408	126980.9759	341084	109437.3819	1	1	0.974140477	0.004153914	0.087803698	86000	56000	127000	0.003975187	0.088369777
Graduate degree	Physical sciences	Geosciences	7	435	94838.97812	61046.04445	136989.6351	38737	115580.785	1	1	0.979583556	0.000471761	0.009971889	95000	61000	137000	0.000455734	0.010131133
Graduate degree	Physical sciences	Oceanography	7	413	86961.49844	51618.28288	121525.8315	37481	94481.39449	1	1	0.985496947	0.000456465	0.009648563	87000	52000	122000	0.000407291	0.00905422
Graduate degree	Physical sciences	Physics	7	8659	100124.6016	61941.93946	142258.4672	840870	118278.9489	1	1	0.970125711	0.010240591	0.216461327	100000	62000	142000	0.009532464	0.211909998
Graduate degree	Physical sciences	"Nuclear, industrial radiology, and biological technologies"	7	805	99430.2258	69569.19875	132573.6344	80809	113536.5196	1	1	0.971703039	0.000984138	0.020802292	99000	70000	133000	0.000925177	0.020567016
Graduate degree	Psychology and social work	Psychology	7	49807	61941.93946	42732.23112	91569.06668	4907819	80035.50981	1	1	0.96723537	0.059770197	0.798730934	62000	43000	92000	0.063999663	0.806842584
Graduate degree	Psychology and social work	Industrial and organizational psychology	7	489	80099.6813	50640.47844	121525.8315	47078	98584.61397	1	1	0.939446133	0.000573343	0.007661785	80000	51000	122000	0.000617978	0.007790835
Graduate degree	Psychology and social work	Social psychology	7	220	64098.34667	43204.42336	92912.90919	21206	81235.15353	1	1	0.931553949	0.000258259	0.003451205	64000	43000	93000	0.00028483	0.003590841
Graduate degree	Psychology and social work	Human services and community organization	7	1288	52064.79285	38530.79882	70200.86472	128765	60682.62897	1	1	0.948698811	0.001568173	0.020956068	52000	39000	70000	0.001602129	0.020198015
Graduate degree	Psychology and social work	Social work	7	10041	53943.11834	40697.36297	71220.38519	1039653	60852.20376	1	1	0.968672693	0.012661483	0.169200008	54000	41000	71000	0.012816527	0.161577725
Graduate degree	Social sciences	Interdisciplinary social sciences	7	1283	66052.79797	42393.73049	96877.43702	121078	82270.57456	1	1	0.959188066	0.001474556	0.016494148	66000	42000	97000	0.001548835	0.017470864
Graduate degree	Social sciences	General social sciences	7	2004	65333.51826	44191.21147	99107.10313	196272	82200.33393	1	1	0.949813282	0.002390312	0.026737636	65000	44000	99000	0.00256927	0.028981379
Graduate degree	Social sciences	Economics	7	20453	104268.9314	61941.93946	171748.9594	1999564	146199.4891	1	1	0.960970879	0.024351822	0.272395522	104000	62000	172000	0.023846962	0.268993886
Graduate degree	Social sciences	Anthropology and archeology	7	4264	64098.34667	44191.21147	99079.19696	395497	86494.97656	1	1	0.95844828	0.004816586	0.053877551	64000	44000	99000	0.005250506	0.059225738
Graduate degree	Social sciences	Criminology	7	939	66286.8172	44391.72328	100124.6016	92359	81706.14461	1	1	0.963114147	0.0011248	0.012581832	66000	44000	100000	0.001081982	0.012204763
Graduate degree	Social sciences	Geography	7	2138	73917.27367	50871.70371	105376.6424	196546	87358.26858	1	1	0.964292354	0.002393648	0.026774962	74000	51000	105000	0.00238835	0.026940608
Graduate degree	Social sciences	International relations	7	3325	87751.0809	55068.53089	135168.2122	329140	113849.3207	1	1	0.957205112	0.004008453	0.044837906	88000	55000	135000	0.004029443	0.04545214
Graduate degree	Social sciences	Political science and government	7	29348	88382.42293	54350.93653	141312.435	2830885	119973.1377	1	1	0.962905872	0.03447612	0.385644269	88000	54000	141000	0.032863	0.370694853
Graduate degree	Social sciences	Sociology	7	11630	63080.9126	44191.21147	92396.59209	1122385	79617.9265	1	1	0.960401064	0.01366904	0.152899656	63000	44000	92000	0.014402945	0.162465317
Graduate degree	Social sciences	Miscellaneous social sciences	7	632	81394.72593	54350.93653	121096.7963	56938	109651.7432	1	1	0.965513701	0.000693423	0.007756519	81000	54000	121000	0.000671139	0.007570453
