SCHL	fod1p	_TYPE_	_FREQ_	p50adj_wagp	p25adj_wagp	p75adj_wagp	mean_grad_degree	mean_grad_degree_all	mean_employed	pct_ts	pct_tsg	pct_ts_all	pct_tsg_all	gths_mean	gthsftfy_mean	gmajor
		2	35387	60548.39814	40697.36297	90112.14146	0.289472296	0.289847192	0.972248783	0.01412371	1	0.01348779	1	0.793828608	0.826494636	Agriculture and natural resources
		2	212193	91677.67885	63078.49902	126451.9708	0.393593849	0.393492095	0.963478087	0.098433176	1	0.090930847	1	0.885000429	0.922644475	Architecture and engineering
		2	69027	50062.30081	33026.39899	74859.8377	0.23060716	0.240840043	0.942977345	0.033350797	1	0.037220803	1	0.664519687	0.730926	Arts
		2	114075	72089.71317	47103.35913	121525.8315	0.609067022	0.594474638	0.968835008	0.051493554	1	0.05158614	1	0.814468683	0.869937367	Biology and life sciences
		2	484484	68494.81753	45056.07073	105130.8317	0.233241255	0.231001972	0.957497597	0.232191774	1	0.219723456	1	0.828985505	0.864396754	Business
		2	87162	56976.30815	39631.67878	87751.0809	0.216456656	0.217090466	0.950129586	0.041753808	1	0.042514082	1	0.764703437	0.815966462	Communications and journalism
		2	125661	82858.5215	55043.99831	115914.3066	0.337202674	0.34127065	0.960302512	0.060271294	1	0.057216849	1	0.864353059	0.908279072	"Computers, statistics, and mathematics"
		2	214070	51618.28288	38662.49482	68496.37777	0.47908181	0.469967585	0.972033557	0.094891095	1	0.106139702	1	0.772306743	0.815955078	Education
		2	158957	69085.97512	49715.1129	95118.37154	0.351165098	0.344360036	0.976541025	0.074773279	1	0.076173077	1	0.837602729	0.895247872	Health
		2	190543	57245.75824	38662.49482	89534.19853	0.435731865	0.43011114	0.953161994	0.086728854	1	0.091886076	1	0.735808799	0.801207902	Humanities and liberal arts
		2	48477	54350.93653	36881.82482	80524.52129	0.257075458	0.257349904	0.963703642	0.022704974	1	0.023485402	1	0.741140907	0.787491341	"Industrial arts, consumer <br> services, and recreation"
		2	50615	57957.15329	39772.09032	85868.63736	0.245727051	0.246575285	0.956473717	0.024745397	1	0.023470531	1	0.801478834	0.822940033	Law and public policy
		2	69063	79032.48176	49715.1129	121525.8315	0.524273804	0.517496657	0.964741287	0.032792638	1	0.031758608	1	0.834015789	0.878287694	Physical sciences
		2	121001	52906.57186	36958.63684	78265.3486	0.475702979	0.468791742	0.954639349	0.056692428	1	0.059567017	1	0.737432872	0.789815832	Psychology and social work
		2	162492	70087.22114	44191.21147	110478.0287	0.425597779	0.421039083	0.954146973	0.07505322	1	0.07483962	1	0.798083709	0.855792524	Social sciences
	General agriculture	3	5362	55437.95526	38114.91989	86107.1574	0.270159781	0.265257192	0.972604986	0.00229482	0.162479952	0.002182387	0.161804669	0.767426629	0.791888695	Agriculture and natural resources
	Agricultural economics	3	2216	74092.2052	48059.80878	110137.0618	0.280726116	0.282155562	0.978129781	0.000812839	0.057551373	0.000735452	0.054527241	0.85528998	0.865025467	Agriculture and natural resources
	Animal sciences	3	6902	58553.35519	38530.79882	88382.42293	0.394030945	0.387544653	0.978171133	0.002704401	0.191479532	0.002606542	0.193251984	0.771089959	0.799928694	Agriculture and natural resources
	Food science	3	1505	72265.59603	47819.40149	110087.9966	0.416078841	0.428181577	0.964942007	0.00067373	0.047702044	0.000677274	0.050213871	0.804127627	0.866233484	Agriculture and natural resources
	Plant science and agronomy	3	4442	56780.11117	38530.79882	86172.86236	0.266542954	0.27089887	0.972925549	0.001775462	0.125707874	0.00170072	0.126093292	0.771091157	0.803991414	Agriculture and natural resources
	Soil science	3	379	71220.38519	47505.55233	96656.23705	0.347787101	0.357066978	0.957831765	0.000142692	0.010102987	0.000141816	0.010514404	0.810415857	0.896208288	Agriculture and natural resources
	Miscellaneous agriculture	3	5844	59877.20814	41294.62631	88070.39729	0.175120546	0.179793393	0.977216695	0.002232782	0.158087518	0.002069794	0.153456895	0.814596718	0.833153914	Agriculture and natural resources
	Forestry	3	3495	65080.99106	46456.45459	93574.79713	0.263866535	0.265765624	0.969150357	0.001374201	0.097297469	0.001279953	0.094897157	0.851135538	0.874619252	Agriculture and natural resources
	Natural resources management	3	5242	58553.35519	41294.62631	84653.98392	0.292435201	0.286162032	0.961336781	0.002112784	0.149591251	0.002093851	0.155240488	0.786518274	0.846454649	Agriculture and natural resources
	Architecture	3	15705	68494.81753	47058.56276	99430.2258	0.355272286	0.353089343	0.939704145	0.007199788	0.073143911	0.007215202	0.079348236	0.803081068	0.873934433	Architecture and engineering
	General engineering	3	26606	88070.39729	59786.03018	122092.0889	0.372878302	0.370696948	0.964753741	0.015066679	0.153065048	0.013748023	0.151192069	0.878381698	0.905984124	Architecture and engineering
	Aerospace engineering	3	5000	101743.4074	72089.71317	134307.3559	0.490499495	0.483793387	0.974390628	0.002226019	0.022614522	0.002032036	0.022347043	0.911637117	0.948285064	Architecture and engineering
	Architectural engineering	3	946	79544.18064	57957.15329	110875.9105	0.294826288	0.29223787	0.955965105	0.00042484	0.004316021	0.000392672	0.004318358	0.869704768	0.912896633	Architecture and engineering
	Biomedical engineering	3	4026	78097.18927	50871.70371	119572.0604	0.547953182	0.548072096	0.967439089	0.001781471	0.018098275	0.00173469	0.019077028	0.821350878	0.878660712	Architecture and engineering
	Chemical engineering	3	13758	103236.5658	70705.93834	143486.4724	0.493445418	0.494401285	0.969898311	0.006127407	0.062249404	0.005662604	0.06227374	0.893653622	0.928270989	Architecture and engineering
	Civil engineering	3	22639	88382.42293	63225.98541	120149.522	0.366493819	0.368228334	0.964424955	0.009843513	0.100001987	0.00902146	0.099212318	0.891413036	0.933939771	Architecture and engineering
	Electrical engineering	3	48234	103236.5658	73297.96169	136989.6351	0.441026128	0.440884108	0.96476089	0.021865471	0.222135178	0.020075099	0.220773255	0.906220554	0.942557286	Architecture and engineering
	"Engineering mechanics, <br> physics, and science"	3	1499	96119.61756	63225.98541	135168.2122	0.543179541	0.532027763	0.971402861	0.00066577	0.00676367	0.000610924	0.006718559	0.882011524	0.912096586	Architecture and engineering
	Environmental engineering	3	1231	81526.40479	59011.1763	110645.4745	0.518122616	0.505407782	0.968497264	0.000528383	0.005367938	0.000501455	0.00551468	0.85072177	0.922061075	Architecture and engineering
	Geological and geophysical <br> engineering	3	354	102204.2001	68496.37777	142440.7704	0.409447157	0.39868841	0.989694066	0.000151593	0.001540063	0.000147361	0.001620581	0.899935169	0.944956894	Architecture and engineering
	Industrial and manufacturing <br> engineering	3	9136	90222.55463	63225.98541	126161.8252	0.407022729	0.409869261	0.960841922	0.004084662	0.041496802	0.003812499	0.041927451	0.876099329	0.920821731	Architecture and engineering
	Mechanical engineering	3	38079	96744.66701	69601.15806	130161.9821	0.402175804	0.404004074	0.970675141	0.017045293	0.173166139	0.015423485	0.169617737	0.911944205	0.941462663	Architecture and engineering
	Metallurgical engineering	3	766	105376.6424	72265.59603	139138.3975	0.577028693	0.567683129	0.971159052	0.000326163	0.003313546	0.000299921	0.003298342	0.904132414	0.939069155	Architecture and engineering
	Mining and mineral engineering	3	693	102179.7607	70656.21748	144531.1921	0.358219852	0.355293309	0.963446548	0.000287915	0.002924978	0.000256566	0.002821551	0.881015124	0.915309653	Architecture and engineering
	Petroleum engineering	3	1077	139138.3975	90272.15723	247697.9924	0.318157047	0.310124428	0.97056737	0.000477953	0.004855605	0.000431743	0.004748032	0.928730702	0.959050797	Architecture and engineering
	Miscellaneous engineering	3	3692	82565.99746	54350.93653	115914.3066	0.32120044	0.325522744	0.961444173	0.00167614	0.017028206	0.001567686	0.017240417	0.857072541	0.892854125	Architecture and engineering
	Engineering technologies	3	2059	71220.38519	46057.31675	101743.4074	0.226877644	0.231560979	0.961231484	0.001022037	0.010383056	0.000942828	0.010368625	0.854327348	0.865316689	Architecture and engineering
	Engineering and industrial <br> management	3	1865	87751.0809	58346.63821	129045.7072	0.324727031	0.326110461	0.955078728	0.000797686	0.008103833	0.000740876	0.00814768	0.885601206	0.91633918	Architecture and engineering
	Industrial production technologies	3	4293	77427.42432	53683.0142	105813.1437	0.181189529	0.183768573	0.958978223	0.001874065	0.01903896	0.001719717	0.018912359	0.881788735	0.912748225	Architecture and engineering
	Mechanical engineering <br> related technologies	3	1689	72830.25494	51634.55475	100005.7232	0.17754625	0.178602137	0.960641838	0.000748686	0.00760603	0.000688018	0.00756639	0.870542557	0.898595573	Architecture and engineering
	Miscellaneous engineering <br> technologies	3	8846	77061.59763	52176.89906	104954.1272	0.222886605	0.225352232	0.95692257	0.004211643	0.042786827	0.003905984	0.042955549	0.862168358	0.89086721	Architecture and engineering
	Fine arts	3	20075	50062.30081	32610.56192	75290.12149	0.222533408	0.231877861	0.940077146	0.009755493	0.292511528	0.010776709	0.289534569	0.662839008	0.726936531	Arts
	Drama and theater arts	3	7485	47058.56276	31612.99271	71220.38519	0.273653762	0.270021136	0.934754127	0.003535501	0.106009478	0.004163594	0.111862014	0.6380438	0.697937037	Arts
	Music	3	12616	51618.28288	34127.27895	77061.59763	0.429038173	0.445639969	0.961671341	0.005986168	0.179491002	0.006954007	0.186831179	0.656245822	0.748072117	Arts
	Visual and performing arts	3	2167	45784.53334	30037.38049	68494.81753	0.271932712	0.264763765	0.940088298	0.001027365	0.030804822	0.001252821	0.033659151	0.599167627	0.674002776	Arts
	Commercial art and <br> graphic design	3	18440	50585.91722	35043.61057	75290.12149	0.100545926	0.101951315	0.941699103	0.009117932	0.27339471	0.009612708	0.258261697	0.702497093	0.757675308	Arts
	"Film, video, and <br> photographic arts"	3	4829	50062.30081	32557.89037	77061.59763	0.153409993	0.162590879	0.927112641	0.002474983	0.074210594	0.002751937	0.073935459	0.670444031	0.717516534	Arts
	Studio arts	3	3415	44191.21147	29723.75909	66052.79797	0.2809908	0.282598273	0.939979116	0.001453357	0.043577867	0.001709028	0.045915931	0.598042609	0.662589688	Arts
	Environmental science	3	6909	60548.39814	41306.71176	88070.39729	0.325807732	0.320500514	0.957394459	0.003051448	0.059258825	0.003131249	0.060699419	0.764647415	0.832908284	Biology and life sciences
	Biology	3	72536	74859.8377	48262.5022	126601.1961	0.622521253	0.609360584	0.970008586	0.032786703	0.636714692	0.032797049	0.635772501	0.82048422	0.875022544	Biology and life sciences
	Biochemical sciences	3	8448	80364.23753	50062.30081	141312.435	0.716774316	0.699677297	0.969957598	0.003886248	0.075470575	0.003809938	0.073855837	0.839460761	0.885559275	Biology and life sciences
	Botany	3	1010	59877.20814	40697.36297	94570.62955	0.623054641	0.612341862	0.967287265	0.000440143	0.008547544	0.000451647	0.008755203	0.746507749	0.819121876	Biology and life sciences
	Molecular biology	3	2972	73255.25334	47937.52602	126601.1961	0.693074397	0.668856914	0.967163322	0.001306639	0.025374809	0.001319751	0.025583443	0.820304147	0.878865772	Biology and life sciences
	Ecology	3	2915	55239.01433	37046.1026	82565.99746	0.376910678	0.371242841	0.96392346	0.001233187	0.023948369	0.001278601	0.024785741	0.737715141	0.787312175	Biology and life sciences
	Microbiology	3	5516	75871.18249	48915.84287	120149.522	0.604771574	0.587434342	0.965497091	0.00252502	0.049035654	0.002479207	0.04805956	0.833669773	0.887893529	Biology and life sciences
	Zoology	3	4831	81394.72593	49553.55157	146417.0355	0.655894979	0.637101255	0.971226885	0.002094834	0.040681479	0.002083184	0.040382632	0.828474164	0.881919359	Biology and life sciences
	Neuroscience	3	1038	59786.03018	43480.74922	99079.19696	0.7250093	0.686439541	0.961243717	0.000503625	0.009780348	0.000520396	0.010087912	0.779551633	0.834544646	Biology and life sciences
	Miscellaneous biology	3	7900	67083.48309	44258.18979	107886.2367	0.617081803	0.602236458	0.971290501	0.003665708	0.071187707	0.003715118	0.072017753	0.794553851	0.855078679	Biology and life sciences
	General business	3	90942	69085.97512	44191.21147	106430.4088	0.23405998	0.233120453	0.959616646	0.048326778	0.208133032	0.045362386	0.206452177	0.827059149	0.855781518	Business
	Accounting	3	91256	73090.95919	48915.84287	110087.9966	0.268542199	0.263783636	0.960653371	0.042475634	0.182933413	0.03978001	0.181045807	0.841672808	0.879822932	Business
	Actuarial science	3	597	92912.90919	61941.93946	142440.7704	0.204248772	0.214122037	0.966350115	0.000276194	0.001189507	0.00025015	0.001138478	0.896853609	0.933141411	Business
	Business management and <br> administration	3	154924	65221.12383	43480.74922	99079.19696	0.217720109	0.216106288	0.954258131	0.070712878	0.304545145	0.067215222	0.305908267	0.82100672	0.854821035	Business
	Operations logistics and <br> e-commerce	3	3561	75125.05949	52064.79285	104583.5968	0.237168628	0.239264278	0.963815474	0.001664287	0.007167725	0.001520087	0.006918181	0.883912794	0.907532846	Business
	Business economics	3	4241	81526.40479	52176.89906	125144.3911	0.298492341	0.298663016	0.955939654	0.00185373	0.007983618	0.001752607	0.007976422	0.849086628	0.893169683	Business
	Marketing and <br> marketing research	3	50879	65080.99106	43309.80001	100124.6016	0.160473579	0.161217659	0.955145831	0.024680248	0.106292515	0.024027973	0.109355523	0.808858369	0.852615131	Business
	Finance	3	48789	80099.6813	52064.79285	123883.8789	0.293555665	0.291601975	0.961749663	0.023551084	0.101429451	0.021865641	0.09951437	0.870273684	0.903713813	Business
	Human resources and <br> personnel management	3	10240	61118.45256	41833.43872	90112.14146	0.299003242	0.2942848	0.950612236	0.004926052	0.021215446	0.004709455	0.021433554	0.815001522	0.849297075	Business
	International business	3	4774	65080.99106	42732.23112	99079.19696	0.294279947	0.292718613	0.947944659	0.002345196	0.010100252	0.002350656	0.010698248	0.790005737	0.845194579	Business
	Hospitality management	3	8788	52176.89906	35828.0584	79032.48176	0.114146244	0.115337486	0.953114937	0.004299609	0.01851749	0.004294129	0.019543336	0.729901424	0.772707611	Business
	Management information systems <br> and statistics	3	10667	81465.1175	55239.01433	110478.0287	0.218849141	0.219933612	0.965253578	0.004822417	0.020769113	0.004391345	0.019985781	0.883991007	0.918454757	Business
	Miscellaneous business and <br> medical administration	3	4826	61046.04445	40697.36297	94838.97812	0.20174352	0.198349671	0.951899656	0.002257669	0.009723293	0.002203795	0.010029857	0.786112422	0.825368681	Business
	Communications and <br> mass media	3	59025	56343.79462	39132.6743	86961.49844	0.214676486	0.216589936	0.949010469	0.028594942	0.684846313	0.029254631	0.688116258	0.760851151	0.812503955	Communications and journalism
	Journalism	3	19414	59877.20814	40049.84065	91569.06668	0.241902935	0.23907493	0.952630809	0.009037204	0.216440239	0.009117077	0.214448405	0.772714944	0.824667119	Communications and journalism
	Advertising and <br> public relations	3	8723	56069.77691	40043.12409	85105.91138	0.173013173	0.172239076	0.95247438	0.004121662	0.098713448	0.004142374	0.097435337	0.774276616	0.82091121	Communications and journalism
	Computer and information <br> systems	3	16603	72658.07777	50585.91722	101743.4074	0.232730399	0.232857052	0.956684937	0.008181027	0.135736705	0.007601506	0.132854333	0.859159478	0.896112325	"Computers, statistics, and mathematics"
	Computer science	3	52751	89570.146	61046.04445	121525.8315	0.316307961	0.319072964	0.961766963	0.026011188	0.431568434	0.024166512	0.42236705	0.885647515	0.922265687	"Computers, statistics, and mathematics"
	Information sciences	3	5376	77427.42432	53683.0142	107366.0284	0.26323457	0.267920454	0.96122859	0.002543856	0.042206762	0.002361944	0.041280565	0.873839256	0.918451335	"Computers, statistics, and mathematics"
	Computer engineering	3	12452	94621.3689	67103.76775	124916.2446	0.377631748	0.374726522	0.964575401	0.005944187	0.098623845	0.005508791	0.096279169	0.897116344	0.938124184	"Computers, statistics, and mathematics"
	Miscellaneous computer	3	9658	61941.93946	41206.08	90848.17787	0.177651762	0.176512292	0.942196335	0.004678661	0.077626685	0.004560914	0.07971278	0.79297399	0.834429027	"Computers, statistics, and mathematics"
	Mathematics	3	25429	80524.52129	51618.28288	120149.522	0.496770933	0.500999094	0.965302721	0.011409009	0.18929424	0.011537261	0.201640976	0.836423825	0.896794804	"Computers, statistics, and mathematics"
	Applied mathematics	3	1622	94977.6405	60548.39814	132105.5959	0.518221063	0.51544974	0.952451435	0.000690171	0.01145108	0.000684009	0.011954685	0.854317977	0.92479839	"Computers, statistics, and mathematics"
	Statistics and decision science	3	1770	86481.8963	56780.11117	122194.4596	0.518055025	0.51588137	0.958756152	0.000813195	0.01349225	0.000795912	0.013910442	0.83497687	0.905313673	"Computers, statistics, and mathematics"
	General education	3	56940	51089.88033	38197.52933	70087.22114	0.469745659	0.463271676	0.969268424	0.030336035	0.319693171	0.032340239	0.304695026	0.774735236	0.806892296	Education
	Elementary education	3	63596	49539.59848	37935.59125	63851.03804	0.472216449	0.457935929	0.97505197	0.025418638	0.267871689	0.030298143	0.285455325	0.757080029	0.807600539	Education
	Mathematics teacher <br> education	3	4188	55239.01433	42393.73049	73917.27367	0.555173025	0.539728866	0.981339985	0.001701616	0.017932306	0.00191493	0.018041602	0.836084007	0.885988281	Education
	Physical and health <br> education teaching	3	13966	55958.87408	40697.36297	77427.42432	0.397108877	0.399052282	0.970338786	0.005943602	0.062636034	0.006387257	0.060177827	0.782662872	0.827761209	Education
	Early childhood education	3	7947	43480.74922	32591.01846	56780.11117	0.392331268	0.376481214	0.966292355	0.003521769	0.037113797	0.004125427	0.0388679	0.68509737	0.708486443	Education
	Science and computer <br> teacher education	3	3363	55958.87408	42121.77067	75871.18249	0.527962788	0.526365792	0.972439673	0.001369449	0.014431795	0.00149678	0.014101976	0.824245236	0.862425088	Education
	Secondary teacher education	3	10488	55068.53089	41833.43872	74330.32735	0.494718774	0.489314572	0.97508208	0.004286074	0.045168344	0.004573385	0.043088356	0.811503577	0.861894887	Education
	Special needs education	3	11438	54715.37985	41833.43872	70656.21748	0.594779704	0.582314782	0.97387455	0.004817811	0.050772003	0.005622354	0.05297126	0.808733206	0.864775758	Education
	Social science or history <br> teacher education	3	5869	52808.4977	39132.6743	73763.64965	0.464836306	0.454235352	0.971891414	0.002412196	0.025420674	0.002630518	0.024783545	0.783221189	0.821495281	Education
	Teacher education: multiple <br> levels	3	4639	49361.4286	37429.91885	63225.98541	0.459593717	0.446968867	0.977585733	0.001883045	0.019844272	0.002113969	0.019916852	0.781416377	0.805233003	Education
	Language and drama <br> education	3	8884	52650.64854	40043.12409	70087.22114	0.547858206	0.532998802	0.968580651	0.003699057	0.038982133	0.00429984	0.040511133	0.767057428	0.834599776	Education
	Art and music education	3	10650	51618.28288	37165.16367	69168.49906	0.460396199	0.453610117	0.9742156	0.004552589	0.047976987	0.005186327	0.048863212	0.742457756	0.790981945	Education
	Miscellaneous education	3	12102	58553.35519	43086.43118	80364.23753	0.546027751	0.544791394	0.969066215	0.004949216	0.052156797	0.005150534	0.048525987	0.815391069	0.862877909	Education
	Nutrition sciences	3	3587	55437.95526	39132.6743	84301.31388	0.443261216	0.428962058	0.965445478	0.001667102	0.02229542	0.001816804	0.023850994	0.716171831	0.807683768	Health
	Communication disorders <br> sciences and services	3	8481	61941.93946	45784.53334	81556.88695	0.788435508	0.778924975	0.981167323	0.003727001	0.049844017	0.004295574	0.05639228	0.809789801	0.883531143	Health
	Health and medical <br> administrative services	3	6778	59447.51817	40049.84065	88070.39729	0.294932492	0.287031652	0.956377274	0.003165876	0.042339669	0.003038693	0.03989195	0.797227244	0.825444641	Health
	Health and medical <br> preparatory programs	3	3474	104583.5968	55043.99831	206473.1315	0.806898909	0.791896816	0.970933578	0.001684677	0.022530462	0.001645787	0.021605882	0.846386901	0.892670079	Health
	Nursing	3	84605	70087.22114	52161.43796	91677.67885	0.251821564	0.243556335	0.979996792	0.040205294	0.537696005	0.040476127	0.531370516	0.864340359	0.919021475	Health
	Pharmacy and pharmaceutical <br> sciences and administration	3	11940	111917.7482	79032.48176	134207.5355	0.54985077	0.53910634	0.975886375	0.005508787	0.073673198	0.005326879	0.069931255	0.888708085	0.935290058	Health
	Treatment therapy <br> professions	3	15632	67103.76775	46456.45459	88382.42293	0.422976192	0.409263461	0.98237262	0.007284518	0.097421403	0.007674863	0.100755592	0.808997554	0.872940467	Health
	Miscellaneous health <br> medical professions	3	24460	60074.76098	42052.33268	84447.02816	0.351471299	0.341155474	0.967496961	0.011530027	0.154199826	0.011898351	0.156201531	0.779896705	0.843302437	Health
	Area ethnic and <br> civilization studies	3	6479	61046.04445	40595.61956	100005.7232	0.493510481	0.482518839	0.950271017	0.002872258	0.033117676	0.003144635	0.034223192	0.729895876	0.820304446	Humanities and liberal arts
	Linguistics and comparative <br> language and literature	3	3462	55239.01433	37120.61763	87751.0809	0.496659612	0.490799473	0.940120885	0.001655961	0.01909354	0.001883256	0.020495557	0.68374811	0.782351821	Humanities and liberal arts
	"French, german, latin and other <br> common foreign language stud"	3	12041	57957.15329	40253.87738	88070.39729	0.497782668	0.488234255	0.958163943	0.005387124	0.062114558	0.005988081	0.065168534	0.739700524	0.821225657	Humanities and liberal arts
	Other foreign languages	3	2946	59011.1763	37935.59125	92396.59209	0.487582587	0.480355241	0.949925469	0.001319658	0.015215905	0.001455964	0.015845312	0.699910155	0.786940593	Humanities and liberal arts
	English language and literature	3	55452	58072.26894	39849.59145	89110.89545	0.453802819	0.451879499	0.95325931	0.025269837	0.291365969	0.027228802	0.296332186	0.740421674	0.81425575	Humanities and liberal arts
	Composition and speech	3	2895	49539.59848	33720.52555	75871.18249	0.315859029	0.322689328	0.938848231	0.001331242	0.015349471	0.001465782	0.015952164	0.681078439	0.745883435	Humanities and liberal arts
	Liberal arts	3	25601	55437.95526	37935.59125	84301.31388	0.263722641	0.26559473	0.949474052	0.012411502	0.143106948	0.013163044	0.143253958	0.732266421	0.790177893	Humanities and liberal arts
	Humanities	3	2111	55043.99831	36523.82935	83963.30178	0.3779084	0.364181766	0.930119893	0.000952336	0.010980618	0.001058959	0.0115247	0.701752986	0.777265421	Humanities and liberal arts
	Multi/interdisciplinary studies	3	2511	48836.83556	36627.62667	65115.78075	0.281933227	0.274150655	0.950993742	0.001069922	0.012336407	0.001155106	0.012571062	0.723727574	0.780820631	Humanities and liberal arts
	Intercultural and <br> international studies	3	3318	57245.75824	38530.79882	89570.146	0.440773734	0.429121335	0.946756651	0.001526101	0.017596229	0.001681951	0.018304739	0.708850002	0.8016888	Humanities and liberal arts
	Philosophy and religious studies	3	13729	59010.91972	37935.59125	94838.97812	0.556139943	0.540899931	0.95231658	0.006178303	0.071236999	0.006425747	0.069931669	0.724044978	0.786047963	Humanities and liberal arts
	Theology and religious vocations	3	13246	45114.37924	30970.96973	65221.12383	0.423065997	0.412700797	0.966856923	0.005710331	0.065841187	0.005700043	0.062033806	0.670148789	0.689065422	Humanities and liberal arts
	Art history and criticism	3	4223	54350.93653	35719.85175	84301.31388	0.418824927	0.414829816	0.946695479	0.001915786	0.022089375	0.002121108	0.02308411	0.685361434	0.769660483	Humanities and liberal arts
	History	3	42529	64098.34667	41650.21681	103236.5658	0.474469738	0.466238267	0.956060831	0.019128493	0.220555118	0.0194136	0.211279013	0.776969204	0.832917064	Humanities and liberal arts
	Family and consumer sciences	3	14966	48059.80878	33143.4086	68496.37777	0.304830528	0.300007485	0.961642913	0.006652692	0.293005913	0.007510644	0.319800542	0.674584603	0.735411393	"Industrial arts, consumer <br> services, and recreation"
	Military technologies	3	185	80439.38606	40697.36297	108398.3941	0.419973669	0.400216739	0.958223022	9.71872E-05	0.004280435	8.81578E-05	0.003753728	0.828401134	0.839853301	"Industrial arts, consumer <br> services, and recreation"
	"Physical fitness, parks, <br> recreation, and leisure"	3	19792	50872.47659	36132.79802	73763.64965	0.303745392	0.299415252	0.967429408	0.009375755	0.412938393	0.0096388	0.410416659	0.731544845	0.778009775	"Industrial arts, consumer <br> services, and recreation"
	Miscellaneous industrial <br> arts and consumer services	3	6944	63851.03804	42150.65694	93574.79713	0.105621269	0.107737502	0.95495638	0.003466129	0.152659453	0.003279642	0.139645987	0.805617395	0.827888023	"Industrial arts, consumer <br> services, and recreation"
	Transportation sciences <br> and technologies	3	6590	77334.62006	49539.59848	110478.0287	0.178013184	0.173875528	0.967279962	0.003113211	0.137115806	0.002968158	0.126383084	0.866883145	0.880726162	"Industrial arts, consumer <br> services, and recreation"
	Pre-law and legal studies	3	3747	57812.47683	39772.09032	87462.61315	0.336207676	0.324032153	0.942254846	0.001919424	0.077566895	0.001890201	0.080535079	0.777815577	0.806365138	Law and public policy
	Criminal justice and <br> fire protection	3	41942	56524.97399	39132.6743	83247.54746	0.208796077	0.210687669	0.958959022	0.020515105	0.829047319	0.019341264	0.824065885	0.800514734	0.817856732	Law and public policy
	Public administration	3	3560	68084.72911	45056.07073	101743.4074	0.470183084	0.462045363	0.947706418	0.001717701	0.069414983	0.001641594	0.069942771	0.824951819	0.873440385	Law and public policy
	Public policy	3	1366	77427.42432	50750.56644	122092.0889	0.580242824	0.571257249	0.94754545	0.000593167	0.023970804	0.000597472	0.025456265	0.843057546	0.906144554	Law and public policy
	Multidisciplinary or <br> general science	3	19399	66286.8172	44035.19865	103236.5658	0.332629134	0.330718708	0.962263765	0.010607567	0.32347402	0.010338702	0.325540136	0.814565015	0.85025925	Physical sciences
	Physical sciences	3	539	69355.43787	42150.65694	109882.88	0.412868682	0.418755732	0.961405547	0.000246651	0.007521537	0.000240384	0.007569086	0.814475696	0.831702979	Physical sciences
	Astronomy and astrophysics	3	400	86961.49844	54134.23404	131720.8029	0.657135678	0.652416124	0.956176032	0.000181872	0.005546116	0.00017611	0.005545264	0.815556668	0.860778895	Physical sciences
	Atmospheric sciences <br> and meteorology	3	1128	74092.2052	46236.95858	106785.3567	0.446637068	0.449101613	0.971593364	0.00051153	0.015598939	0.00047997	0.015113066	0.843557413	0.855682904	Physical sciences
	Chemistry	3	24949	86961.49844	52688.32118	136169.4582	0.643662761	0.635500027	0.96714112	0.011227759	0.342386555	0.01084853	0.34159338	0.846046398	0.896854009	Physical sciences
	Geology and earth science	3	7552	76091.31114	50062.30081	113952.6163	0.466386561	0.46076337	0.960795158	0.003249743	0.099099759	0.003170062	0.099817414	0.833692466	0.889325735	Physical sciences
	Geosciences	3	741	80099.6813	53263.91779	118021.8394	0.556347844	0.548340876	0.965646022	0.000311453	0.009497654	0.000307733	0.00968975	0.836738349	0.887920536	Physical sciences
	Oceanography	3	809	73763.64965	46365.72264	109430.7597	0.487485308	0.45913861	0.965601392	0.000342138	0.010433387	0.00033614	0.010584225	0.814232619	0.865917833	Physical sciences
	Physics	3	11924	94838.97812	57245.75824	134207.5355	0.70092063	0.690285095	0.966379907	0.0053731	0.163850805	0.005159169	0.162449464	0.846912416	0.889782918	Physical sciences
	"Nuclear, industrial radiology, <br> and biological technologies"	3	1622	81394.72593	54350.93653	111962.9292	0.493248786	0.492146432	0.968961672	0.000740826	0.022591226	0.000701809	0.022098215	0.854321557	0.903515319	Physical sciences
	Psychology	3	95203	55043.99831	38045.65557	82565.99746	0.482078233	0.476046789	0.954830538	0.044512909	0.785164975	0.047096213	0.790642464	0.739570267	0.797355386	Psychology and social work
	Industrial and organizational <br> psychology	3	1050	71810.71863	46400.77204	105376.6424	0.443342092	0.44294499	0.932419705	0.000473031	0.008343815	0.000485206	0.008145549	0.78738792	0.861576954	Psychology and social work
	Social psychology	3	486	54941.44001	40049.84065	82858.5215	0.455430239	0.443324652	0.916099374	0.000209875	0.003701986	0.000227145	0.00381326	0.754355598	0.85560007	Psychology and social work
	Human services and <br> community organization	3	4218	43359.35762	31612.99271	60762.91576	0.291501969	0.284611365	0.9381166	0.001978038	0.034890699	0.002046065	0.034348953	0.68219556	0.693895325	Psychology and social work
	Social work	3	20044	47505.55233	35352.96917	65080.99106	0.486223249	0.474298675	0.95920405	0.009518575	0.167898526	0.009712389	0.163049774	0.735813651	0.769474057	Psychology and social work
	Interdisciplinary social <br> sciences	3	3254	53029.45376	36457.74946	80099.6813	0.370152565	0.363737773	0.95281566	0.001446091	0.019267539	0.001508648	0.020158414	0.742778438	0.790969361	Social sciences
	General social sciences	3	5462	55958.87408	38530.79882	84447.02816	0.345106	0.338721932	0.948244068	0.002478382	0.033021665	0.002625984	0.035088149	0.745258215	0.804992275	Social sciences
	Economics	3	44560	87462.61315	52842.23838	143458.2045	0.415790456	0.415973473	0.95698954	0.020914816	0.278666474	0.020167266	0.269473118	0.8406539	0.890305761	Social sciences
	Anthropology and <br> archeology	3	8353	54795.85402	37046.1026	84447.02816	0.468686072	0.460159837	0.946888566	0.003719246	0.049554782	0.004056608	0.054204019	0.702045926	0.781325293	Social sciences
	Criminology	3	3831	55239.01433	38530.79882	82565.99746	0.224068765	0.224275882	0.957653199	0.001836229	0.024465688	0.001753842	0.023434667	0.780695782	0.813225428	Social sciences
	Geography	3	6543	62077.25301	43480.74922	90623.91242	0.303494708	0.305692852	0.952688926	0.002879181	0.03836186	0.00288298	0.038522105	0.791889605	0.853269573	Social sciences
	International relations	3	5841	75125.05949	48521.18591	118147.0299	0.52983399	0.519823864	0.952206257	0.002741342	0.036525314	0.002782931	0.037185267	0.798913345	0.879722222	Social sciences
	Political science and <br> government	3	52307	77061.59763	48915.84287	122092.0889	0.503239317	0.494111902	0.954101553	0.024199526	0.322431545	0.023730746	0.317088004	0.820265978	0.877415986	Social sciences
	Sociology	3	31168	54350.93653	38045.65557	80524.52129	0.34516484	0.345792094	0.9534923	0.014324244	0.190854494	0.014820056	0.198024203	0.748470279	0.804305293	Social sciences
	Miscellaneous social <br> sciences	3	1173	70087.22114	46456.45459	105376.6424	0.49103691	0.479575093	0.960866977	0.000514163	0.006850639	0.00051056	0.006822053	0.814016755	0.872970307	Social sciences
Bachelors		4	1335810	59786.03018	39832.37081	90112.14146	0	0	0.955740882	1	1	1	1	0.769662725	0.816464879	
Graduate degree		4	807397	77427.42432	52587.54164	119039.7867	1	1	0.969051905	1	1	1	1	0.858367702	0.911871241	
Bachelors		6	25398	55239.01433	38047.34862	82565.99746	0	0	0.970323134	0.015752333	1	0.015017126	1	0.771790315	0.797314029	Agriculture and natural resources
Bachelors		6	127010	83247.54746	57448.5749	114136.9667	0	0	0.960041389	0.093695809	1	0.086465317	1	0.871316807	0.908423692	Architecture and engineering
Bachelors		6	51708	46741.80541	31612.99271	71220.38519	0	0	0.940233459	0.040278142	1	0.044300973	1	0.645659606	0.703212604	Arts
Bachelors		6	43457	55043.99831	36881.82482	82565.99746	0	0	0.954772827	0.031598775	1	0.032797844	1	0.719277707	0.78333947	Biology and life sciences
Bachelors		6	368934	64951.918	42732.23112	99054.04381	0	0	0.956269086	0.279460632	1	0.264908495	1	0.813771448	0.847411828	Business
Bachelors		6	67207	54795.85402	37935.59125	84301.31388	0	0	0.947441715	0.05135399	1	0.052184152	1	0.748726288	0.796270891	Communications and journalism
Bachelors		6	82420	77334.62006	50871.70371	108701.8731	0	0	0.956287265	0.062705601	1	0.059091524	1	0.848717456	0.89104382	"Computers, statistics, and mathematics"
Bachelors		6	109114	44191.21147	33143.4086	58072.26894	0	0	0.964982733	0.077590768	1	0.088201208	1	0.694641504	0.732560998	Education
Bachelors		6	101250	63225.98541	45784.53334	85068.08207	0	0	0.974632616	0.076154523	1	0.07829989	1	0.815239285	0.874437831	Health
Bachelors		6	103213	50377.98107	33641.86615	77334.62006	0	0	0.945313328	0.076818214	1	0.08209829	1	0.682264304	0.741951472	Humanities and liberal arts
Bachelors		6	35444	50871.70371	34784.59938	76307.55556	0	0	0.960618066	0.026477732	1	0.027344908	1	0.712115706	0.754713403	"Industrial arts, consumer <br> services, and recreation"
Bachelors		6	38014	54795.85402	37935.59125	79544.18064	0	0	0.954659888	0.029298004	1	0.027724072	1	0.785633751	0.801242595	Law and public policy
Bachelors		6	30883	63078.49902	41294.62631	95118.37154	0	0	0.955468037	0.024487728	1	0.024024592	1	0.783318998	0.826183989	Physical sciences
Bachelors		6	61630	45311.95621	32610.56192	67150.6489	0	0	0.943793249	0.046657076	1	0.049609506	1	0.666552787	0.711209493	Psychology and social work
Bachelors		6	90128	59447.51817	39132.6743	93574.79713	0	0	0.949029891	0.067670675	1	0.067932103	1	0.757920897	0.810244771	Social sciences
Graduate degree		6	9989	74020.2792	50062.30081	107484.1752	1	1	0.977152314	0.011264944	1	0.010794409	1	0.847824493	0.898120247	Agriculture and natural resources
Graduate degree		6	85183	104954.1272	74330.32735	143621.4373	1	1	0.968860905	0.106748807	1	0.098795286	1	0.906091642	0.944554294	Architecture and engineering
Graduate degree		6	17319	59010.91972	41051.08667	84447.02816	1	1	0.951804876	0.021191038	1	0.024751607	1	0.723969179	0.823388386	Arts
Graduate degree		6	70618	90551.6326	55239.01433	158064.9635	1	1	0.978233067	0.086415408	1	0.084675025	1	0.879403926	0.925520697	Biology and life sciences
Graduate degree		6	115550	86481.8963	55958.87408	130161.9821	1	1	0.961618037	0.149219448	1	0.140146121	1	0.879632607	0.920233107	Business
Graduate degree		6	19955	67103.76775	46456.45459	100124.6016	1	1	0.959975402	0.024902346	1	0.025483703	1	0.822323019	0.887261725	Communications and journalism
Graduate degree		6	43241	96656.23705	66133.21482	131163.2281	1	1	0.968148252	0.055998289	1	0.053915278	1	0.894533302	0.94215626	"Computers, statistics, and mathematics"
Graduate degree		6	104956	59877.20814	46456.45459	77334.62006	1	1	0.980088336	0.125258835	1	0.137731964	1	0.85989809	0.906631645	Education
Graduate degree		6	57707	82589.25261	57812.47683	115143.2919	1	1	0.980118212	0.072348745	1	0.072427454	1	0.880181327	0.933697822	Health
Graduate degree		6	87330	68494.81753	47058.56276	105376.6424	1	1	0.963542475	0.104125274	1	0.109123772	1	0.806754209	0.87794435	Humanities and liberal arts
Graduate degree		6	13033	64951.918	45784.53334	91569.06668	1	1	0.972722521	0.016082548	1	0.016688257	1	0.824900675	0.88221658	"Industrial arts, consumer <br> services, and recreation"
Graduate degree		6	12601	71810.71863	47717.65808	105376.6424	1	1	0.961970052	0.016754082	1	0.015979435	1	0.84989438	0.889541534	Law and public policy
Graduate degree		6	38180	98074.73747	61046.04445	149693.0204	1	1	0.973418709	0.047370476	1	0.04537932	1	0.881284445	0.92556661	Physical sciences
Graduate degree		6	59371	61649.27811	44191.21147	88382.42293	1	1	0.966755907	0.074307757	1	0.077103621	1	0.817750169	0.876451971	Psychology and social work
Graduate degree		6	72364	86961.49844	55239.01433	137609.9958	1	1	0.961088831	0.088012004	1	0.087004749	1	0.853310646	0.917265426	Social sciences
Bachelors	General agriculture	7	3971	52720.40843	35352.96917	80439.38606	0	0	0.972735172	0.002629005	0.166896243	0.002513978	0.167407374	0.747309734	0.763001443	Agriculture and natural resources
Bachelors	Agricultural economics	7	1623	69569.19875	44191.21147	104954.1272	0	0	0.977663708	0.000917728	0.058259797	0.000827711	0.055117823	0.843643425	0.838850113	Agriculture and natural resources
Bachelors	Animal sciences	7	4258	49561.6778	33143.4086	75290.12149	0	0	0.971537471	0.002572389	0.163302106	0.002502842	0.166665836	0.715588496	0.73488389	Agriculture and natural resources
Bachelors	Food science	7	890	66286.8172	42121.77067	100180.0769	0	0	0.953674033	0.000617526	0.039202177	0.000607179	0.040432448	0.775335161	0.836033964	Agriculture and natural resources
Bachelors	Plant science and agronomy	7	3267	52906.57186	36329.03888	79263.35756	0	0	0.972572804	0.002044095	0.129764576	0.001944083	0.129457718	0.757410442	0.779193117	Agriculture and natural resources
Bachelors	Soil science	7	249	69601.15806	47179.11055	93603.93482	0	0	0.949951117	0.000146084	0.00927381	0.00014295	0.009519159	0.802047231	0.895021114	Agriculture and natural resources
Bachelors	Miscellaneous agriculture	7	4852	56976.30815	40043.12409	84301.31388	0	0	0.979399774	0.002891026	0.183529995	0.002661612	0.177238416	0.802679567	0.818521955	Agriculture and natural resources
Bachelors	Forestry	7	2590	61118.45256	45136.07861	86172.86236	0	0	0.968412911	0.001587896	0.100803843	0.001473408	0.098115158	0.844268673	0.861247758	Agriculture and natural resources
Bachelors	Natural resources management	7	3698	54715.37985	39132.6743	77334.62006	0	0	0.957043797	0.002346585	0.148967454	0.002343364	0.15604607	0.761210211	0.818070941	Agriculture and natural resources
Bachelors	Architecture	7	10006	66052.79797	44035.19865	93603.93482	0	0	0.937239571	0.007286368	0.077766208	0.00731791	0.084634048	0.785571179	0.855500963	Architecture and engineering
Bachelors	General engineering	7	16190	80524.52129	53683.0142	110087.9966	0	0	0.961026763	0.014831478	0.15829393	0.013564204	0.156874511	0.860123302	0.886313185	Architecture and engineering
Bachelors	Aerospace engineering	7	2450	90112.14146	65221.12383	120786.7819	0	0	0.967663198	0.001780281	0.019000649	0.001644558	0.019019853	0.907594493	0.946412887	Architecture and engineering
Bachelors	Architectural engineering	7	648	79098.43528	55493.37992	108701.8731	0	0	0.950509605	0.000470258	0.005018987	0.000435724	0.005039292	0.86438818	0.895988408	Architecture and engineering
Bachelors	Biomedical engineering	7	1836	71220.38519	44567.76795	100107.8102	0	0	0.953121491	0.001264088	0.013491399	0.001229095	0.014214887	0.779608347	0.845747035	Architecture and engineering
Bachelors	Chemical engineering	7	6925	94977.6405	66052.79797	130442.2477	0	0	0.967416693	0.00487212	0.051999342	0.004488657	0.051912799	0.879861954	0.914976533	Architecture and engineering
Bachelors	Civil engineering	7	14301	82589.25261	59877.20814	110478.0287	0	0	0.961425271	0.009788498	0.104471033	0.008935754	0.103344954	0.883497624	0.924166192	Architecture and engineering
Bachelors	Electrical engineering	7	26486	94117.12553	66286.8172	124916.2446	0	0	0.960203666	0.01918516	0.204760061	0.017597613	0.203522221	0.89340277	0.931454762	Architecture and engineering
Bachelors	"Engineering mechanics, <br> physics, and science"	7	651	77334.62006	48807.141	110137.0618	0	0	0.965259465	0.000477402	0.005095237	0.000448231	0.005183938	0.814641544	0.852455075	Architecture and engineering
Bachelors	Environmental engineering	7	595	76091.31114	55068.53089	100124.6016	0	0	0.966905321	0.000399669	0.004265603	0.000388842	0.004497086	0.813147251	0.901882661	Architecture and engineering
Bachelors	Geological and geophysical <br> engineering	7	204	93574.79713	64077.25662	126451.9708	0	0	0.989286615	0.000140525	0.001499801	0.000138924	0.001606697	0.875471698	0.936807718	Architecture and engineering
Bachelors	Industrial and manufacturing <br> engineering	7	5414	82193.78103	56524.97399	110875.9105	0	0	0.957847237	0.003801975	0.040577854	0.003527379	0.040795309	0.861203432	0.901738346	Architecture and engineering
Bachelors	Mechanical engineering	7	22573	88070.39729	64951.918	119148.2759	0	0	0.968720539	0.015995324	0.170715465	0.01441186	0.166677927	0.904079582	0.932520551	Architecture and engineering
Bachelors	Metallurgical engineering	7	352	99079.19696	70087.22114	132266.4296	0	0	0.975878329	0.000216551	0.002311215	0.000203284	0.002351048	0.884008275	0.929546207	Architecture and engineering
Bachelors	Mining and mineral engineering	7	447	99079.19696	64079.74504	142258.4672	0	0	0.965685639	0.000290045	0.003095604	0.000259332	0.002999256	0.856939755	0.890691463	Architecture and engineering
Bachelors	Petroleum engineering	7	721	138097.5358	90272.15723	285898.9748	0	0	0.967794571	0.000511546	0.005459642	0.000466971	0.005400674	0.925782455	0.962308598	Architecture and engineering
Bachelors	Miscellaneous engineering	7	2498	77061.59763	50871.70371	105376.6424	0	0	0.960557613	0.001785941	0.019061051	0.001657756	0.019172494	0.854681489	0.887414	Architecture and engineering
Bachelors	Engineering technologies	7	1593	68494.81753	45311.95621	100124.6016	0	0	0.961698898	0.001240309	0.013237617	0.001135889	0.013136937	0.861852282	0.866998236	Architecture and engineering
Bachelors	Engineering and industrial <br> management	7	1280	77427.42432	53802.79996	114136.9667	0	0	0.957643986	0.000845525	0.009024148	0.000782759	0.009052869	0.886108556	0.908964429	Architecture and engineering
Bachelors	Industrial production technologies	7	3499	75125.05949	52176.89906	103236.5658	0	0	0.9584187	0.002408703	0.025707688	0.002200719	0.025452037	0.875527145	0.906460316	Architecture and engineering
Bachelors	Mechanical engineering <br> related technologies	7	1396	70200.86472	49863.26126	94977.6405	0	0	0.958909077	0.000966554	0.010315872	0.000886029	0.010247215	0.860729124	0.890285714	Architecture and engineering
Bachelors	Miscellaneous engineering <br> technologies	7	6945	72265.59603	50062.30081	100124.6016	0	0	0.957233119	0.005137491	0.054831594	0.004743829	0.054863951	0.852987895	0.879645143	Architecture and engineering
Bachelors	Fine arts	7	15161	47058.56276	30970.96973	71810.71863	0	0	0.937968527	0.011905456	0.295581047	0.012978087	0.292952638	0.640920154	0.698952206	Arts
Bachelors	Drama and theater arts	7	5250	42732.23112	29938.60407	65221.12383	0	0	0.932738482	0.004030971	0.100078375	0.00476511	0.107562188	0.602382881	0.648389858	Arts
Bachelors	Music	7	6858	46236.95858	30970.96973	69355.43787	0	0	0.958263759	0.005365016	0.1331992	0.006043955	0.136429401	0.621801898	0.696143603	Arts
Bachelors	Visual and performing arts	7	1559	41981.65089	27521.99915	63078.49902	0	0	0.933982285	0.001174117	0.029150236	0.001444143	0.032598437	0.56194925	0.620403575	Arts
Bachelors	Commercial art and <br> graphic design	7	16439	49715.1129	34068.0667	73763.64965	0	0	0.941305238	0.012873315	0.319610442	0.013534426	0.305510815	0.695067484	0.7486495	Arts
Bachelors	"Film, video, and <br> photographic arts"	7	4038	48915.84287	30970.96973	75093.45122	0	0	0.929114935	0.003288973	0.081656527	0.003613021	0.081556235	0.657677007	0.699174527	Arts
Bachelors	Studio arts	7	2403	40464.63066	27033.64244	60762.91576	0	0	0.935111062	0.001640294	0.040724173	0.001922232	0.043390286	0.552375101	0.60275584	Arts
Bachelors	Environmental science	7	4601	55958.87408	38713.71216	81465.1175	0	0	0.953592234	0.003229273	0.10219614	0.003335807	0.101708125	0.730492449	0.806015966	Biology and life sciences
Bachelors	Biology	7	26560	55043.99831	36881.82482	82589.25261	0	0	0.953408812	0.019426981	0.614801713	0.020086537	0.612434688	0.721891809	0.782696234	Biology and life sciences
Bachelors	Biochemical sciences	7	2253	57957.15329	36881.82482	87751.0809	0	0	0.952165309	0.001727739	0.054677416	0.001793908	0.054695924	0.721292892	0.78069407	Biology and life sciences
Bachelors	Botany	7	370	50640.47844	33026.39899	76091.31114	0	0	0.975550909	0.000260428	0.008241712	0.0002745	0.008369454	0.655144914	0.733687719	Biology and life sciences
Bachelors	Molecular biology	7	875	55043.99831	35143.73517	82589.25261	0	0	0.96251946	0.000629512	0.01992203	0.000685176	0.020890876	0.693818524	0.76411203	Biology and life sciences
Bachelors	Ecology	7	1769	49715.1129	33143.4086	73255.25334	0	0	0.961527508	0.00120613	0.038170157	0.001260411	0.038429685	0.692743661	0.735420755	Biology and life sciences
Bachelors	Microbiology	7	2151	60548.39814	41294.62631	88382.42293	0	0	0.957599565	0.001566492	0.049574442	0.001603615	0.048893918	0.764225131	0.830220387	Biology and life sciences
Bachelors	Zoology	7	1599	55043.99831	36329.03888	82858.5215	0	0	0.958181041	0.001131503	0.035808442	0.001185243	0.03613783	0.69990765	0.77353467	Biology and life sciences
Bachelors	Neuroscience	7	278	45857.06754	31612.99271	75093.45122	0	0	0.943742719	0.00021739	0.006879708	0.000255829	0.007800179	0.587349126	0.684957271	Biology and life sciences
Bachelors	Miscellaneous biology	7	3001	54715.37985	36415.12747	79492.15564	0	0	0.959297889	0.002203327	0.069728239	0.002316817	0.070639322	0.70183557	0.776854661	Biology and life sciences
Bachelors	General business	7	69004	65039.03643	42052.33268	100124.6016	0	0	0.958698184	0.058102882	0.207910793	0.05454027	0.205883431	0.812245342	0.838070656	Business
Bachelors	Accounting	7	65956	67391.59748	45056.07073	102215.3431	0	0	0.958334086	0.048769041	0.174511309	0.045916058	0.173327994	0.822896786	0.86037521	Business
Bachelors	Actuarial science	7	463	88382.42293	59447.51817	132105.5959	0	0	0.971046356	0.00034499	0.001234485	0.000308213	0.001163469	0.885422702	0.919473553	Business
Bachelors	Business management and <br> administration	7	120849	61649.27811	41551.70967	92396.59209	0	0	0.952957055	0.086831189	0.310709913	0.082607419	0.311833787	0.807051099	0.839643696	Business
Bachelors	Operations logistics and <br> e-commerce	7	2664	70087.22114	49715.1129	98074.73747	0	0	0.964466637	0.001992837	0.007131011	0.001812994	0.006843851	0.880184171	0.899232256	Business
Bachelors	Business economics	7	2958	75093.45122	49715.1129	111917.7482	0	0	0.953113053	0.00204124	0.007304213	0.001927106	0.007274609	0.833795693	0.877779144	Business
Bachelors	Marketing and <br> marketing research	7	42333	61941.93946	41714.79704	96119.61756	0	0	0.955296327	0.032523625	0.116379989	0.031598077	0.119279215	0.799445281	0.841036697	Business
Bachelors	Finance	7	34259	72265.59603	48836.83556	110137.0618	0	0	0.960445831	0.026115835	0.093450856	0.024284759	0.091672255	0.856991238	0.888406436	Business
Bachelors	Human resources and <br> personnel management	7	7247	56976.30815	40049.84065	82589.25261	0	0	0.949660415	0.005420384	0.019395878	0.005210679	0.019669731	0.794008584	0.82488411	Business
Bachelors	International business	7	3291	59010.91972	40697.36297	87462.61315	0	0	0.94410746	0.002597925	0.00929621	0.002606607	0.00983965	0.770100361	0.821632099	Business
Bachelors	Hospitality management	7	7709	50871.70371	35043.61057	76091.31114	0	0	0.95468953	0.00597869	0.021393676	0.005955894	0.022482837	0.720957158	0.758960343	Business
Bachelors	Management information systems <br> and statistics	7	8300	78265.3486	53683.0142	106785.3567	0	0	0.965110405	0.005913094	0.02115895	0.005370607	0.02027344	0.876654993	0.912426716	Business
Bachelors	Miscellaneous business and <br> medical administration	7	3901	57957.15329	38197.52933	88382.42293	0	0	0.951931862	0.002828901	0.010122716	0.002769813	0.010455733	0.768022679	0.799738834	Business
Bachelors	Communications and <br> mass media	7	45585	54350.93653	37441.57393	82858.5215	0	0	0.946339008	0.035249494	0.686402248	0.03593172	0.688556185	0.744795257	0.792002655	Communications and journalism
Bachelors	Journalism	7	14526	55239.01433	38530.79882	86718.71524	0	0	0.949968297	0.010754098	0.209411147	0.010876565	0.208426594	0.754301498	0.804577461	Communications and journalism
Bachelors	Advertising and <br> public relations	7	7096	55043.99831	38662.49482	82589.25261	0	0	0.949657385	0.005350398	0.104186606	0.005375866	0.103017221	0.763721002	0.807694989	Communications and journalism
Bachelors	Computer and information <br> systems	7	12769	70087.22114	48789.38541	97831.68575	0	0	0.954180707	0.009853054	0.157131967	0.00914261	0.154719484	0.846699185	0.883896969	"Computers, statistics, and mathematics"
Bachelors	Computer science	7	35884	83700.44225	55747.74551	115143.2919	0	0	0.958896629	0.027914881	0.445173648	0.025799351	0.436599862	0.874331342	0.909693265	"Computers, statistics, and mathematics"
Bachelors	Information sciences	7	3956	75004.2924	51618.28288	103236.5658	0	0	0.959559709	0.002941961	0.046917032	0.002710954	0.045877199	0.869898848	0.914084462	"Computers, statistics, and mathematics"
Bachelors	Computer engineering	7	7658	88070.39729	63047.08637	116693.2764	0	0	0.957591618	0.005807042	0.092608023	0.005400333	0.091389295	0.882493879	0.925346107	"Computers, statistics, and mathematics"
Bachelors	Miscellaneous computer	7	7980	58844.84248	39772.09032	86481.8963	0	0	0.941560351	0.006039381	0.096313254	0.005888481	0.099650174	0.779603776	0.818736364	"Computers, statistics, and mathematics"
Bachelors	Mathematics	7	12566	71743.23621	45136.07861	108865.4459	0	0	0.95982445	0.009012156	0.143721708	0.009026062	0.152747148	0.800224791	0.860156318	"Computers, statistics, and mathematics"
Bachelors	Applied mathematics	7	774	85105.91138	52842.23838	116001.9301	0	0	0.942239566	0.000521939	0.008323644	0.000519631	0.008793666	0.833669623	0.913543599	"Computers, statistics, and mathematics"
Bachelors	Statistics and decision science	7	833	77334.62006	46400.77204	110875.9105	0	0	0.955647898	0.000615187	0.009810725	0.000604103	0.010223173	0.799547982	0.868536116	"Computers, statistics, and mathematics"
Bachelors	General education	7	29204	44258.18979	33035.70104	60074.76098	0	0	0.964166186	0.02524981	0.325422868	0.027213975	0.308544244	0.708249214	0.731319743	Education
Bachelors	Elementary education	7	33128	42150.65694	32610.56192	53372.61967	0	0	0.967138764	0.021058294	0.271402062	0.02574903	0.291935118	0.667358893	0.711914929	Education
Bachelors	Mathematics teacher <br> education	7	1826	47419.48906	37429.91885	63078.49902	0	0	0.972724173	0.001188141	0.01531291	0.00138185	0.01566702	0.763603315	0.818367322	Education
Bachelors	Physical and health <br> education teaching	7	8217	50002.8616	35871.61811	68482.18002	0	0	0.965324271	0.005624756	0.07249259	0.006017905	0.068229276	0.727342871	0.768713903	Education
Bachelors	Early childhood education	7	4696	38530.79882	28805.99636	49539.59848	0	0	0.957579953	0.003359254	0.043294503	0.004032856	0.045723365	0.595511412	0.604416183	Education
Bachelors	Science and computer <br> teacher education	7	1585	47488.82025	35871.61811	63225.98541	0	0	0.963268162	0.001014699	0.01307757	0.001111463	0.012601452	0.756127775	0.782980588	Education
Bachelors	Secondary teacher education	7	5205	47505.55233	36627.62667	63851.03804	0	0	0.965723029	0.003399444	0.043812477	0.003661723	0.041515566	0.741138953	0.795206425	Education
Bachelors	Special needs education	7	4543	44301.68949	35228.15892	56524.97399	0	0	0.961921488	0.003064475	0.039495349	0.003681811	0.04174332	0.717920032	0.774953362	Education
Bachelors	Social science or history <br> teacher education	7	3079	45311.95621	34127.27895	61118.45256	0	0	0.96515167	0.002026349	0.026115851	0.002250821	0.025519161	0.711303582	0.749574335	Education
Bachelors	Teacher education: multiple <br> levels	7	2447	41714.79704	32610.56192	53943.11834	0	0	0.971739144	0.001597335	0.020586667	0.001832915	0.020781068	0.702579785	0.709464769	Education
Bachelors	Language and drama <br> education	7	3930	44191.21147	34248.18889	56780.11117	0	0	0.961052825	0.002625311	0.033835354	0.003148216	0.035693567	0.681427751	0.749547817	Education
Bachelors	Art and music education	7	5596	44191.21147	32982.88906	58346.63821	0	0	0.968051046	0.003856102	0.049697947	0.0044428	0.050371193	0.67458461	0.71489239	Education
Bachelors	Miscellaneous education	7	5658	51633.3897	37429.91885	73763.64965	0	0	0.959919469	0.003526799	0.045453852	0.003675843	0.041675653	0.74747755	0.795849341	Education
Bachelors	Nutrition sciences	7	1939	49539.59848	33143.4086	70087.22114	0	0	0.954462216	0.001456896	0.019130791	0.001626549	0.020773326	0.652491287	0.741819704	Health
Bachelors	Communication disorders <br> sciences and services	7	1692	45075.03569	33026.39899	63225.98541	0	0	0.960864455	0.001237706	0.016252554	0.001488864	0.019014895	0.636211326	0.723526821	Health
Bachelors	Health and medical <br> administrative services	7	4740	53066.03886	37514.08468	78265.3486	0	0	0.956143538	0.003503803	0.046009124	0.003396654	0.043380055	0.763627298	0.791923845	Health
Bachelors	Health and medical <br> preparatory programs	7	619	50871.70371	33041.11854	82589.25261	0	0	0.949010078	0.000510642	0.006705337	0.000536966	0.006857808	0.665965733	0.740750105	Health
Bachelors	Nursing	7	61939	66052.79797	50062.30081	84301.31388	0	0	0.979242312	0.047217555	0.62002299	0.048003155	0.613067969	0.851907181	0.908387581	Health
Bachelors	Pharmacy and pharmaceutical <br> sciences and administration	7	5506	110137.0618	74817.41607	131468.8541	0	0	0.971797042	0.00389249	0.051113054	0.003849176	0.049159407	0.86468919	0.916379042	Health
Bachelors	Treatment therapy <br> professions	7	9132	63225.98541	41981.65089	84301.31388	0	0	0.980812755	0.006597959	0.086639096	0.007108185	0.090781546	0.771674858	0.837510872	Health
Bachelors	Miscellaneous health <br> medical professions	7	15683	54941.44001	38662.49482	74330.32735	0	0	0.964773311	0.011737472	0.154127055	0.012290342	0.156964995	0.745743796	0.807535533	Health
Bachelors	Area ethnic and <br> civilization studies	7	3134	49715.1129	33253.88663	76395.05866	0	0	0.938672787	0.002283542	0.029726569	0.002551285	0.031075984	0.658732704	0.741769408	Humanities and liberal arts
Bachelors	Linguistics and comparative <br> language and literature	7	1697	47419.48906	30970.96973	73090.95919	0	0	0.926654972	0.001308359	0.017031885	0.001503462	0.018312954	0.608664332	0.7005296	Humanities and liberal arts
Bachelors	"French, german, latin and other <br> common foreign language stud"	7	5847	50062.30081	33697.58065	73763.64965	0	0	0.951077337	0.004246819	0.055284014	0.004804554	0.058521978	0.668848929	0.743533183	Humanities and liberal arts
Bachelors	Other foreign languages	7	1441	49539.59848	32149.10634	79492.15564	0	0	0.94262147	0.001061452	0.013817712	0.001186182	0.014448314	0.638601672	0.713393702	Humanities and liberal arts
Bachelors	English language and literature	7	29021	51063.54683	34774.29198	79263.35756	0	0	0.944781125	0.021665412	0.282034836	0.023399082	0.285013022	0.686035874	0.753563062	Humanities and liberal arts
Bachelors	Composition and speech	7	1944	45056.07073	32003.33539	71088.46715	0	0	0.929940555	0.00142961	0.018610305	0.001556508	0.018959084	0.650329773	0.703225191	Humanities and liberal arts
Bachelors	Liberal arts	7	18307	51889.13778	34784.59938	77427.42432	0	0	0.94511737	0.014344349	0.186731093	0.015156061	0.184608735	0.700775032	0.753624138	Humanities and liberal arts
Bachelors	Humanities	7	1276	46953.16218	32039.87252	70200.86472	0	0	0.923748898	0.00092995	0.012105858	0.001055617	0.01285797	0.638068315	0.713892338	Humanities and liberal arts
Bachelors	Multi/interdisciplinary studies	7	1763	45784.53334	33143.4086	59011.1763	0	0	0.941680699	0.001205958	0.015698856	0.001314505	0.016011362	0.685688366	0.740640948	Humanities and liberal arts
Bachelors	Intercultural and <br> international studies	7	1801	49539.59848	33143.4086	77061.59763	0	0	0.940888958	0.001339633	0.017439002	0.001505398	0.018336531	0.64929931	0.735288763	Humanities and liberal arts
Bachelors	Philosophy and religious studies	7	5736	49539.59848	32106.57195	76307.55556	0	0	0.940314308	0.004304576	0.056035874	0.004625143	0.056336658	0.650247741	0.712735768	Humanities and liberal arts
Bachelors	Theology and religious vocations	7	7447	42052.33268	28906.23841	60028.61038	0	0	0.963119318	0.005171333	0.067319094	0.005248459	0.063928965	0.625148729	0.645621749	Humanities and liberal arts
Bachelors	Art history and criticism	7	2377	47419.48906	32039.87252	74330.32735	0	0	0.940270214	0.001747709	0.02275123	0.001945984	0.0237031	0.637200889	0.705092899	Humanities and liberal arts
Bachelors	History	7	21422	53481.32154	35610.1926	84301.31388	0	0	0.947546458	0.015779511	0.205413671	0.016246048	0.197885342	0.718898678	0.769803706	Humanities and liberal arts
Bachelors	Family and consumer sciences	7	10211	43480.74922	30970.96973	61960.06764	0	0	0.958011642	0.007259441	0.27417154	0.008242611	0.301431302	0.619532832	0.676361754	"Industrial arts, consumer <br> services, and recreation"
Bachelors	Military technologies	7	107	71656.1168	38045.65557	98122.10959	0	0	0.975674067	8.84854E-05	0.00334188	0.000082899	0.003031607	0.816400278	0.825145914	"Industrial arts, consumer <br> services, and recreation"
Bachelors	"Physical fitness, parks, <br> recreation, and leisure"	7	13569	46700.224	33026.39899	66133.21482	0	0	0.961796217	0.010246827	0.386997929	0.010587121	0.387169749	0.689489172	0.729878568	"Industrial arts, consumer <br> services, and recreation"
Bachelors	Miscellaneous industrial <br> arts and consumer services	7	6198	63225.98541	42150.65694	92396.59209	0	0	0.957963083	0.004866102	0.183780936	0.004587894	0.167778713	0.806370764	0.828814102	"Industrial arts, consumer <br> services, and recreation"
Bachelors	Transportation sciences <br> and technologies	7	5359	73763.64965	45784.53334	107614.8543	0	0	0.966310708	0.004016876	0.151707716	0.003844383	0.140588629	0.858198242	0.868347369	"Industrial arts, consumer <br> services, and recreation"
Bachelors	Pre-law and legal studies	7	2531	50819.89318	35228.15892	74330.32735	0	0	0.932184705	0.001999945	0.068262172	0.002003218	0.072255559	0.746635301	0.761087878	Law and public policy
Bachelors	Criminal justice and <br> fire protection	7	32960	54350.93653	37935.59125	79032.48176	0	0	0.957545701	0.025478699	0.869639421	0.023934699	0.863318327	0.788020402	0.801323571	Law and public policy
Bachelors	Public administration	7	1956	61867.69605	41294.62631	93906.32436	0	0	0.942748679	0.001428527	0.048758519	0.00138454	0.04994001	0.795847463	0.847822048	Law and public policy
Bachelors	Public policy	7	567	65221.12383	41294.62631	99430.2258	0	0	0.941336291	0.000390832	0.013339888	0.000401614	0.014486104	0.802708208	0.831189091	Law and public policy
Bachelors	Multidisciplinary or <br> general science	7	12424	59786.03018	40049.84065	88109.64943	0	0	0.956894509	0.01111215	0.453784422	0.010848481	0.451557334	0.782888595	0.815354098	Physical sciences
Bachelors	Physical sciences	7	303	61046.04445	40697.36297	96744.66701	0	0	0.953981978	0.000227318	0.009282923	0.000219057	0.009118047	0.803155819	0.819854217	Physical sciences
Bachelors	Astronomy and astrophysics	7	135	65080.99106	36627.62667	110900.3141	0	0	0.91358717	0.000097882	0.003997185	9.59705E-05	0.003994676	0.747703944	0.772900484	Physical sciences
Bachelors	Atmospheric sciences <br> and meteorology	7	601	65333.51826	42150.65694	100124.6016	0	0	0.966208732	0.000444321	0.018144628	0.000414553	0.017255349	0.817676487	0.832897456	Physical sciences
Bachelors	Chemistry	7	8479	62974.30511	41294.62631	94838.97812	0	0	0.954031726	0.00628014	0.256460714	0.006199585	0.258051637	0.771118047	0.825530078	Physical sciences
Bachelors	Geology and earth science	7	3954	67103.76775	43480.74922	100725.9733	0	0	0.949655862	0.002722017	0.111158401	0.002680041	0.111554058	0.797205157	0.852884443	Physical sciences
Bachelors	Geosciences	7	316	65221.12383	43204.42336	92731.44527	0	0	0.948496952	0.000216895	0.008857311	0.000217911	0.009070329	0.807909903	0.838944375	Physical sciences
Bachelors	Oceanography	7	409	62750.15807	40697.36297	92473.91716	0	0	0.949738725	0.000275247	0.011240214	0.000285037	0.011864371	0.780751041	0.830375525	Physical sciences
Bachelors	Physics	7	3437	80099.6813	44191.21147	117106.7104	0	0	0.958079064	0.002522473	0.103009664	0.002505164	0.104274967	0.783591425	0.836654202	Physical sciences
Bachelors	"Nuclear, industrial radiology, <br> and biological technologies"	7	825	66052.79797	48438.71851	88382.42293	0	0	0.966280661	0.000589286	0.024064538	0.000558794	0.023259232	0.823790181	0.86879519	Physical sciences
Bachelors	Psychology	7	47565	46897.48656	33026.39899	71220.38519	0	0	0.943382212	0.036188052	0.775617664	0.038687684	0.779844161	0.668994187	0.72210618	Psychology and social work
Bachelors	Industrial and organizational <br> psychology	7	570	65221.12383	40697.36297	97831.68575	0	0	0.927067389	0.000413326	0.008858816	0.000423759	0.008541883	0.739837951	0.818822345	Psychology and social work
Bachelors	Social psychology	7	271	50871.70371	36741.23309	75093.45122	0	0	0.903357784	0.000179403	0.003845129	0.000198243	0.003996075	0.728960828	0.811882772	Psychology and social work
Bachelors	Human services and <br> community organization	7	2957	40049.84065	30037.38049	55958.87408	0	0	0.933940148	0.002199827	0.047148831	0.002294857	0.046258412	0.636600293	0.634920635	Psychology and social work
Bachelors	Social work	7	10267	41294.62631	31612.99271	55239.01433	0	0	0.950549408	0.007676468	0.164529562	0.008004964	0.161359469	0.657915323	0.673555735	Psychology and social work
Bachelors	Interdisciplinary social <br> sciences	7	2015	46456.45459	33720.52555	69185.51704	0	0	0.949162619	0.001429704	0.021127373	0.001504937	0.022153547	0.693898957	0.741800832	Social sciences
Bachelors	General social sciences	7	3542	51618.28288	35352.96917	76307.55556	0	0	0.947417064	0.002547736	0.037649037	0.002722516	0.040077012	0.706024499	0.765129354	Social sciences
Bachelors	Economics	7	25118	74092.2052	46400.77204	118021.8394	0	0	0.95413929	0.019179522	0.283424416	0.018466043	0.271830869	0.816258827	0.86107819	Social sciences
Bachelors	Anthropology and <br> archeology	7	4247	46236.95858	30970.96973	70200.86472	0	0	0.937129173	0.003101853	0.045837472	0.003433385	0.050541419	0.62584671	0.691805531	Social sciences
Bachelors	Criminology	7	2917	52842.23838	37046.1026	77061.59763	0	0	0.956061273	0.00223648	0.033049475	0.002133005	0.031399074	0.763315751	0.790175565	Social sciences
Bachelors	Geography	7	4454	57245.75824	40697.36297	82858.5215	0	0	0.947641222	0.00314781	0.0465166	0.003138249	0.046196853	0.771365686	0.829119621	Social sciences
Bachelors	International relations	7	2628	60074.76098	40697.36297	97220.66522	0	0	0.946683923	0.002023157	0.029897101	0.002095064	0.030840558	0.748390716	0.828167656	Social sciences
Bachelors	Political science and <br> government	7	24725	61941.93946	41051.08667	99079.19696	0	0	0.945272485	0.01886988	0.278848703	0.018821754	0.277067144	0.772489202	0.8268326	Social sciences
Bachelors	Sociology	7	19919	49715.1129	35043.61057	73255.25334	0	0	0.949812462	0.014723762	0.217579649	0.01520057	0.223761217	0.712225033	0.758553326	Social sciences
Bachelors	Miscellaneous social <br> sciences	7	563	58346.63821	40182.11877	88048.51717	0	0	0.956621953	0.000410773	0.006070175	0.000416581	0.006132308	0.759113287	0.816351476	Social sciences
Graduate degree	General agriculture	7	1391	69355.43787	45654.78668	101639.7864	1	1	0.972218877	0.001708215	0.151639894	0.001598409	0.148077516	0.823148942	0.869927988	Agriculture and natural resources
Graduate degree	Agricultural economics	7	593	84301.31388	59011.1763	127049.733	1	1	0.979380418	0.000628725	0.055812503	0.00057297	0.053080261	0.884920494	0.932091719	Agriculture and natural resources
Graduate degree	Animal sciences	7	2644	76091.31114	51741.35841	106830.5778	1	1	0.989076027	0.002936126	0.260642769	0.002789173	0.258390542	0.858801576	0.899959262	Agriculture and natural resources
Graduate degree	Food science	7	615	81100.92732	55239.01433	122197.6763	1	1	0.980532552	0.000772387	0.068565495	0.000800721	0.074179274	0.842578749	0.908615209	Agriculture and natural resources
Graduate degree	Plant science and agronomy	7	1175	70087.22114	47419.48906	104583.5968	1	1	0.973916074	0.001303922	0.115750448	0.001272123	0.117850134	0.807911632	0.872229894	Agriculture and natural resources
Graduate degree	Soil science	7	130	77324.98964	52906.57186	100124.6016	1	1	0.972258553	0.000136737	0.012138255	0.000139818	0.012952847	0.825484363	0.898434623	Agriculture and natural resources
Graduate degree	Miscellaneous agriculture	7	992	72089.71317	48438.71851	105684.4768	1	1	0.966962893	0.00107735	0.095637381	0.001027519	0.095189936	0.868962044	0.902075591	Agriculture and natural resources
Graduate degree	Forestry	7	905	77334.62006	52688.32118	111582.809	1	1	0.971200898	0.000999098	0.088690857	0.000939251	0.087012753	0.870106723	0.911922975	Agriculture and natural resources
Graduate degree	Natural resources management	7	1544	69569.19875	49539.59848	101743.4074	1	1	0.9721049	0.001702385	0.151122397	0.001654424	0.153266738	0.849649835	0.915130762	Agriculture and natural resources
Graduate degree	Architecture	7	5699	75093.45122	51618.28288	106830.5778	1	1	0.944249129	0.007047811	0.066022385	0.00703432	0.071200964	0.835161713	0.907386433	Architecture and engineering
Graduate degree	General engineering	7	10416	103236.5658	71557.1978	144531.1921	1	1	0.971194586	0.015479534	0.145008962	0.014071754	0.142433455	0.909377539	0.9390675	Architecture and engineering
Graduate degree	Aerospace engineering	7	2550	113049.948	84301.31388	146747.5286	1	1	0.981759305	0.003008436	0.028182381	0.00271444	0.027475397	0.915950588	0.950229767	Architecture and engineering
Graduate degree	Architectural engineering	7	298	82858.5215	61941.93946	122092.0889	1	1	0.969730977	0.000345116	0.003232969	0.000316851	0.003207149	0.882580852	0.953338198	Architecture and engineering
Graduate degree	Biomedical engineering	7	2190	87751.0809	54941.44001	134207.5355	1	1	0.979662746	0.002689647	0.025196042	0.002625117	0.026571274	0.855770829	0.905813621	Architecture and engineering
Graduate degree	Chemical engineering	7	6833	110478.0287	77178.32987	159627.5951	1	1	0.972425348	0.008330845	0.078041574	0.007730094	0.078243546	0.90775765	0.941918635	Architecture and engineering
Graduate degree	Civil engineering	7	8338	100107.8102	72089.71317	132774.5694	1	1	0.969637069	0.009940083	0.093116572	0.009172401	0.092842492	0.904993557	0.950833979	Architecture and engineering
Graduate degree	Electrical engineering	7	21748	113792.3695	85464.46223	153564.4598	1	1	0.970625959	0.026570296	0.248904848	0.024438307	0.247363088	0.92247568	0.95662906	Architecture and engineering
Graduate degree	"Engineering mechanics, <br> physics, and science"	7	848	109788.8918	80086.24819	154854.8486	1	1	0.977143761	0.000996416	0.009334209	0.000897451	0.009083944	0.941270236	0.962255806	Architecture and engineering
Graduate degree	Environmental engineering	7	636	88382.42293	61867.69605	120149.522	1	1	0.970038099	0.000754319	0.007066295	0.000699782	0.007083147	0.887492207	0.940827909	Architecture and engineering
Graduate degree	Geological and geophysical <br> engineering	7	150	115914.3066	81465.1175	173922.9969	1	1	0.990290069	0.000171022	0.001602095	0.00016222	0.001641982	0.936831572	0.956710594	Architecture and engineering
Graduate degree	Industrial and manufacturing <br> engineering	7	3722	103266.7794	75362.69301	144531.1921	1	1	0.965223952	0.004580871	0.042912616	0.004314635	0.043672474	0.897546477	0.948623652	Architecture and engineering
Graduate degree	Mechanical engineering	7	15506	108398.3941	80099.6813	144531.1921	1	1	0.973587795	0.018888333	0.176941869	0.017205101	0.174149004	0.923546274	0.954754887	Architecture and engineering
Graduate degree	Metallurgical engineering	7	414	110137.0618	74330.32735	143114.3956	1	1	0.967429236	0.000518567	0.004857827	0.000470113	0.004758452	0.919457873	0.946049629	Architecture and engineering
Graduate degree	Mining and mineral engineering	7	246	108268.4681	77061.59763	162201.8546	1	1	0.959392849	0.000284176	0.002662098	0.000251695	0.002547645	0.924701709	0.959415153	Architecture and engineering
Graduate degree	Petroleum engineering	7	356	140307.0964	90272.15723	233386.5528	1	1	0.976814706	0.000418986	0.003924973	0.0003697	0.003742084	0.935289113	0.952068997	Architecture and engineering
Graduate degree	Miscellaneous engineering	7	1194	100124.6016	66052.79797	132266.4296	1	1	0.96334502	0.001483405	0.013896221	0.001409059	0.014262416	0.862026757	0.904350852	Architecture and engineering
Graduate degree	Engineering technologies	7	466	77427.42432	50062.30081	108701.8731	1	1	0.959643344	0.000638898	0.005985061	0.000602819	0.006101696	0.829355729	0.859586544	Architecture and engineering
Graduate degree	Engineering and industrial <br> management	7	585	108134.5698	77095.94325	150186.9024	1	1	0.949539746	0.000713713	0.006685911	0.000667112	0.006752471	0.884552796	0.931675046	Architecture and engineering
Graduate degree	Industrial production technologies	7	794	89570.146	63080.9126	119316.271	1	1	0.961540665	0.000935602	0.008764518	0.000872604	0.008832445	0.909600381	0.941163805	Architecture and engineering
Graduate degree	Mechanical engineering <br> related technologies	7	293	91113.38748	68482.18002	117794.1564	1	1	0.969037809	0.000366256	0.003431004	0.000339294	0.003434309	0.9156749	0.937089622	Architecture and engineering
Graduate degree	Miscellaneous engineering <br> technologies	7	1901	90112.14146	64279.75184	119995.9163	1	1	0.955845255	0.002586478	0.024229572	0.00243042	0.024600567	0.893726179	0.929993915	Architecture and engineering
Graduate degree	Fine arts	7	4914	58699.01145	41294.62631	84301.31388	1	1	0.947268215	0.005981604	0.282270451	0.006899767	0.278760358	0.735447736	0.824705573	Arts
Graduate degree	Drama and theater arts	7	2235	58699.01145	41051.08667	83666.87743	1	1	0.940221964	0.002665788	0.125797882	0.003104239	0.125415641	0.734450019	0.829447772	Arts
Graduate degree	Music	7	5758	59786.03018	40697.36297	85105.91138	1	1	0.965994062	0.007076493	0.33393799	0.008556737	0.34570431	0.69909282	0.81717832	Arts
Graduate degree	Visual and performing arts	7	608	56780.11117	42052.33268	80524.52129	1	1	0.957359976	0.000769768	0.036325146	0.000915876	0.037002666	0.702521269	0.817508219	Arts
Graduate degree	Commercial art and <br> graphic design	7	2001	61941.93946	42150.65694	90591.9835	1	1	0.94525955	0.002526004	0.119201521	0.002705998	0.10932617	0.76794157	0.838417522	Arts
Graduate degree	"Film, video, and <br> photographic arts"	7	791	57812.47683	41294.62631	84787.46098	1	1	0.916349178	0.001046162	0.049368141	0.001235446	0.049913757	0.736199392	0.818736536	Arts
Graduate degree	Studio arts	7	1012	54350.93653	40049.84065	75093.45122	1	1	0.952436909	0.00112522	0.05309887	0.001333545	0.053877098	0.713973783	0.815694656	Arts
Graduate degree	Environmental science	7	2308	71088.46715	49527.02191	101743.4074	1	1	0.965543537	0.002739306	0.031699275	0.002770992	0.032725021	0.837060036	0.888556418	Biology and life sciences
Graduate degree	Biology	7	45976	94117.12553	56903.38687	165131.9949	1	1	0.980397212	0.056237389	0.650779657	0.055182084	0.651692566	0.88368831	0.931006528	Biology and life sciences
Graduate degree	Biochemical sciences	7	6195	96656.23705	55239.01433	168602.6278	1	1	0.977460058	0.007675138	0.088816776	0.007360454	0.086925916	0.890181992	0.926995636	Biology and life sciences
Graduate degree	Botany	7	640	66133.21482	43480.74922	103236.5658	1	1	0.96200645	0.000755603	0.008743844	0.000763629	0.009018345	0.804347248	0.870809172	Biology and life sciences
Graduate degree	Molecular biology	7	2097	88070.39729	53029.45376	154854.8486	1	1	0.969398044	0.002495219	0.028874704	0.002437329	0.028784512	0.882925672	0.92968407	Biology and life sciences
Graduate degree	Ecology	7	1146	66286.8172	46741.80541	100124.6016	1	1	0.967967494	0.00128068	0.014820037	0.001310636	0.015478421	0.813881298	0.873096397	Biology and life sciences
Graduate degree	Microbiology	7	3365	89570.146	55043.99831	149145.3387	1	1	0.970871326	0.004207552	0.048689829	0.00402125	0.047490396	0.882441989	0.925583901	Biology and life sciences
Graduate degree	Zoology	7	3232	102381.8369	60909.5738	202469.3808	1	1	0.978466328	0.003785795	0.043809263	0.003664587	0.043278256	0.901706834	0.938781687	Biology and life sciences
Graduate degree	Neuroscience	7	760	62974.30511	48915.84287	110087.9966	1	1	0.969120066	0.00100606	0.01164214	0.000986338	0.011648506	0.867348303	0.891282038	Biology and life sciences
Graduate degree	Miscellaneous biology	7	4899	80086.24819	51089.88033	129045.7072	1	1	0.979047577	0.006232666	0.072124474	0.006177726	0.072958061	0.855792176	0.903619082	Biology and life sciences
Graduate degree	General business	7	21938	87751.0809	55239.01433	132573.6344	1	1	0.962678227	0.031166514	0.208863622	0.029198816	0.208345517	0.87579106	0.913738705	Business
Graduate degree	Accounting	7	25300	89570.146	60074.76098	134790.3226	1	1	0.967157023	0.031428644	0.210620291	0.02897355	0.206738154	0.894076417	0.932794823	Business
Graduate degree	Actuarial science	7	134	111917.7482	74859.8377	187149.5943	1	1	0.950099929	0.000155434	0.001041648	0.000147894	0.001055287	0.938807711	0.986391252	Business
Graduate degree	Business management and <br> administration	7	34075	80377.29186	52688.32118	119572.0604	1	1	0.959026068	0.042419963	0.284279049	0.040107354	0.286182406	0.871628681	0.909354022	Business
Graduate degree	Operations logistics and <br> e-commerce	7	897	96119.61756	67395.16129	130442.2477	1	1	0.961741226	0.001087574	0.007288417	0.001004235	0.007165626	0.895767875	0.934230938	Business
Graduate degree	Business economics	7	1283	99079.19696	63225.98541	152615.1111	1	1	0.962630782	0.00152459	0.010217098	0.00144529	0.010312735	0.884993647	0.929340061	Business
Graduate degree	Marketing and <br> marketing research	7	8546	80099.6813	52688.32118	121525.8315	1	1	0.954358222	0.010912551	0.073130889	0.010695934	0.076319874	0.857832731	0.913188355	Business
Graduate degree	Finance	7	14530	100124.6016	65221.12383	154123.1953	1	1	0.964925566	0.019049106	0.127658334	0.017605228	0.125620516	0.902541154	0.940551155	Business
Graduate degree	Human resources and <br> personnel management	7	2993	74859.8377	49715.1129	107133.3237	1	1	0.952904321	0.004058337	0.027197106	0.003826726	0.027305261	0.86534403	0.906531937	Business
Graduate degree	International business	7	1483	79263.35756	52906.57186	119075.6059	1	1	0.957277283	0.001901573	0.012743465	0.00189989	0.013556491	0.838102104	0.901700347	Business
Graduate degree	Hospitality management	7	1079	68482.18002	45784.53334	105376.6424	1	1	0.941038039	0.001352271	0.009062299	0.001367523	0.009757836	0.798505802	0.879395909	Business
Graduate degree	Management information systems <br> and statistics	7	2367	92473.91716	65115.78075	127179.2593	1	1	0.965764163	0.002907923	0.019487558	0.002666724	0.019028171	0.910010577	0.93997099	Business
Graduate degree	Miscellaneous business and <br> medical administration	7	925	79263.35756	51089.88033	119572.0604	1	1	0.951770462	0.001254969	0.008410224	0.001206957	0.008612129	0.859223954	0.926780573	Business
Graduate degree	Communications and <br> mass media	7	13440	66286.8172	46365.72264	99079.19696	1	1	0.958842881	0.016914023	0.67921404	0.017495319	0.686529717	0.818925633	0.887501238	Communications and journalism
Graduate degree	Journalism	7	4888	71557.1978	47946.37227	105440.8169	1	1	0.961216454	0.006023494	0.241884589	0.006018367	0.236165312	0.831321056	0.887625888	Communications and journalism
Graduate degree	Advertising and <br> public relations	7	1627	66052.79797	46741.80541	94838.97812	1	1	0.966180461	0.001964829	0.078901371	0.001970017	0.077304972	0.825005665	0.884083511	Communications and journalism
Graduate degree	Computer and information <br> systems	7	3834	85868.63736	60074.76098	111917.7482	1	1	0.965014833	0.005246071	0.093682702	0.004887402	0.09064966	0.900209665	0.936384124	"Computers, statistics, and mathematics"
Graduate degree	Computer science	7	16867	101280.9569	72265.59603	134207.5355	1	1	0.967985728	0.022669583	0.40482636	0.021290848	0.394894512	0.909797127	0.949440677	"Computers, statistics, and mathematics"
Graduate degree	Information sciences	7	1420	91569.06668	63225.98541	122092.0889	1	1	0.965788698	0.001845052	0.032948371	0.001747288	0.032408025	0.884606228	0.930673746	"Computers, statistics, and mathematics"
Graduate degree	Computer engineering	7	4794	103778.2756	78459.78998	137609.9958	1	1	0.97636557	0.006184921	0.110448397	0.005699801	0.105717729	0.921515576	0.959183507	"Computers, statistics, and mathematics"
Graduate degree	Miscellaneous computer	7	1678	80364.23753	53066.03886	110137.0618	1	1	0.945181329	0.002290152	0.040896821	0.002222879	0.041229111	0.855350419	0.907070207	"Computers, statistics, and mathematics"
Graduate degree	Mathematics	7	12863	89487.20322	59786.03018	131248.9956	1	1	0.970786776	0.01561627	0.278870493	0.015959844	0.296017094	0.872478481	0.933909598	"Computers, statistics, and mathematics"
Graduate degree	Applied mathematics	7	848	104954.1272	66286.8172	148618.7954	1	1	0.962000673	0.000985474	0.017598292	0.000973503	0.018056166	0.873728531	0.935261726	"Computers, statistics, and mathematics"
Graduate degree	Statistics and decision science	7	937	98325.44551	66286.8172	132105.5959	1	1	0.961718376	0.001160764	0.020728566	0.001133714	0.021027703	0.868224408	0.93952772	"Computers, statistics, and mathematics"
Graduate degree	General education	7	27736	59658.13548	45556.69374	77334.62006	1	1	0.975272013	0.039264025	0.313463121	0.041368326	0.300353854	0.851763324	0.892199468	Education
Graduate degree	Elementary education	7	30468	57245.75824	46236.95858	72265.59603	1	1	0.984508115	0.033072469	0.264033022	0.038309784	0.278147373	0.863283978	0.914545758	Education
Graduate degree	Mathematics teacher <br> education	7	2362	62077.25301	49948.52848	80099.6813	1	1	0.988807207	0.002602934	0.020780444	0.002853761	0.02071967	0.897894247	0.940168914	Education
Graduate degree	Physical and health <br> education teaching	7	5749	67103.76775	50871.70371	88109.64943	1	1	0.978001888	0.006503281	0.051918742	0.007037739	0.051097352	0.865971326	0.917406894	Education
Graduate degree	Early childhood education	7	3251	52650.64854	42052.33268	66286.8172	1	1	0.98085206	0.003807036	0.030393354	0.004288459	0.031136262	0.833467397	0.869677377	Education
Graduate degree	Science and computer <br> teacher education	7	1778	63225.98541	50585.91722	84301.31388	1	1	0.980767165	0.001992151	0.015904279	0.002175377	0.015794276	0.885538657	0.933454261	Education
Graduate degree	Secondary teacher education	7	5283	64079.74504	50062.30081	82589.25261	1	1	0.984934847	0.005842399	0.046642613	0.006178953	0.044862159	0.884941381	0.930007176	Education
Graduate degree	Special needs education	7	6895	61046.04445	48915.84287	77427.42432	1	1	0.982505203	0.007895491	0.063033403	0.009039928	0.065634203	0.873872064	0.925971286	Education
Graduate degree	Social science or history <br> teacher education	7	2790	61046.04445	47419.48906	83963.30178	1	1	0.980029734	0.003089483	0.02466479	0.003299219	0.023953912	0.869630331	0.904297504	Education
Graduate degree	Teacher education: multiple <br> levels	7	2192	56343.79462	45784.53334	70656.21748	1	1	0.984828462	0.002384558	0.019037046	0.002608944	0.018942185	0.878960283	0.917840624	Education
Graduate degree	Language and drama <br> education	7	4954	60064.68614	46732.20612	77324.98964	1	1	0.975213072	0.005583833	0.04457836	0.006328014	0.045944414	0.842084167	0.904792292	Education
Graduate degree	Art and music education	7	5054	60548.39814	46365.72264	77334.62006	1	1	0.981872601	0.005775152	0.046105743	0.006495784	0.047162503	0.82421343	0.880162118	Education
Graduate degree	Miscellaneous education	7	6444	63225.98541	48836.83556	84104.66537	1	1	0.976870832	0.007446022	0.059445084	0.007747676	0.056251837	0.872137227	0.918606047	Education
Graduate degree	Nutrition sciences	7	1648	66286.8172	48059.80878	103236.5658	1	1	0.979931522	0.002036081	0.028142589	0.002151869	0.029710682	0.800943912	0.890409434	Health
Graduate degree	Communication disorders <br> sciences and services	7	6789	66052.79797	50871.70371	84787.46098	1	1	0.986829827	0.008096529	0.111909735	0.009238591	0.127556484	0.859054963	0.926465832	Health
Graduate degree	Health and medical <br> administrative services	7	2038	77427.42432	52064.79285	110087.9966	1	1	0.956953396	0.002572704	0.035559753	0.002408272	0.033250816	0.880687372	0.905579672	Health
Graduate degree	Health and medical <br> preparatory programs	7	2855	126601.1961	67103.76775	254316.4881	1	1	0.9763775	0.003745492	0.051769965	0.003598579	0.049685293	0.893799921	0.929026446	Health
Graduate degree	Nursing	7	22666	88070.39729	65221.12383	113560.2223	1	1	0.98231929	0.027896479	0.385583447	0.027219952	0.375823678	0.902955648	0.950615473	Health
Graduate degree	Pharmacy and pharmaceutical <br> sciences and administration	7	6434	115143.2919	82589.25261	140174.4423	1	1	0.979357018	0.008345916	0.115356751	0.007929325	0.109479553	0.909242358	0.950772039	Health
Graduate degree	Treatment therapy <br> professions	7	6500	72089.71317	52688.32118	96877.43702	1	1	0.984626229	0.008489653	0.117343479	0.008672865	0.119745551	0.86286965	0.921273494	Health
Graduate degree	Miscellaneous health <br> medical professions	7	8777	71810.71863	50871.70371	103269.1095	1	1	0.972671645	0.011165892	0.154334282	0.011208	0.154747943	0.845853312	0.909298903	Health
Graduate degree	Area ethnic and <br> civilization studies	7	3345	75871.18249	50871.70371	121525.8315	1	1	0.962713087	0.003905648	0.037509123	0.004189609	0.038393181	0.806215386	0.900904909	Humanities and liberal arts
Graduate degree	Linguistics and comparative <br> language and literature	7	1765	65182.03691	45056.07073	99430.2258	1	1	0.954616546	0.002266116	0.021763362	0.002552128	0.023387464	0.761646929	0.865274668	Humanities and liberal arts
Graduate degree	"French, german, latin and other <br> common foreign language stud"	7	6194	66286.8172	48059.80878	100124.6016	1	1	0.9655535	0.007388734	0.07096004	0.008072441	0.073975091	0.813966963	0.899610281	Humanities and liberal arts
Graduate degree	Other foreign languages	7	1505	68368.36896	46236.95858	105376.6424	1	1	0.95815963	0.001772894	0.01702655	0.001931088	0.017696307	0.76623322	0.864233566	Humanities and liberal arts
Graduate degree	English language and literature	7	26431	67103.76775	47419.48906	101743.4074	1	1	0.963598486	0.031596782	0.303449688	0.033973488	0.311329857	0.806390527	0.887305484	Humanities and liberal arts
Graduate degree	Composition and speech	7	951	58699.01145	41282.99873	82412.16001	1	1	0.957905926	0.001158573	0.011126726	0.001305999	0.011968053	0.745618533	0.838279883	Humanities and liberal arts
Graduate degree	Liberal arts	7	7294	70656.21748	48915.84287	101743.4074	1	1	0.9615112	0.009018721	0.086614144	0.009653055	0.088459685	0.819344362	0.892230951	Humanities and liberal arts
Graduate degree	Humanities	7	835	71220.38519	49715.1129	107484.1752	1	1	0.941170008	0.000991631	0.009523443	0.001064845	0.009758142	0.812938879	0.881586633	Humanities and liberal arts
Graduate degree	Multi/interdisciplinary studies	7	748	55958.87408	43954.70011	76924.94892	1	1	0.975677546	0.000831135	0.007982072	0.000874379	0.008012731	0.824441299	0.883155838	Humanities and liberal arts
Graduate degree	Intercultural and <br> international studies	7	1517	70656.21748	46496.73719	110087.9966	1	1	0.954488268	0.001853413	0.017799835	0.001992885	0.018262615	0.788072862	0.885933031	Humanities and liberal arts
Graduate degree	Philosophy and religious studies	7	7993	68084.72911	44191.21147	109788.8918	1	1	0.962383778	0.009467309	0.090922293	0.009596868	0.087944793	0.786681918	0.844559055	Humanities and liberal arts
Graduate degree	Theology and religious vocations	7	5799	50640.47844	34068.0667	71810.71863	1	1	0.972260585	0.006656449	0.063927313	0.006495348	0.059522758	0.734186706	0.748309447	Humanities and liberal arts
Graduate degree	Art history and criticism	7	1846	63225.98541	44258.18979	96656.23705	1	1	0.95589019	0.002210817	0.02123228	0.002429527	0.02226396	0.753298004	0.859256559	Humanities and liberal arts
Graduate degree	History	7	21107	77427.42432	51618.28288	126156.9981	1	1	0.965576195	0.025007052	0.240163131	0.024992112	0.229025365	0.843449858	0.902822428	Humanities and liberal arts
Graduate degree	Family and consumer sciences	7	4755	59447.51817	44024.25859	80524.52129	1	1	0.970207945	0.005587649	0.347435527	0.006221545	0.372809761	0.803034158	0.870074766	"Industrial arts, consumer <br> services, and recreation"
Graduate degree	Military technologies	7	78	81394.72593	54350.93653	130442.2477	1	1	0.92944312	0.000112462	0.006992772	9.74193E-05	0.005837597	0.84638617	0.860165696	"Industrial arts, consumer <br> services, and recreation"
Graduate degree	"Physical fitness, parks, <br> recreation, and leisure"	7	6223	63225.98541	45784.53334	87751.0809	1	1	0.980730603	0.007846739	0.487903961	0.00796867	0.477501664	0.829948524	0.88833762	"Industrial arts, consumer <br> services, and recreation"
Graduate degree	Miscellaneous industrial <br> arts and consumer services	7	746	68136.1334	43480.74922	107848.0119	1	1	0.930435034	0.001008717	0.062721215	0.000975624	0.058461688	0.799378126	0.820046184	"Industrial arts, consumer <br> services, and recreation"
Graduate degree	Transportation sciences <br> and technologies	7	1231	96656.23705	66052.79797	127158.2441	1	1	0.972048628	0.001526982	0.094946525	0.001424998	0.08538929	0.908147209	0.937885997	"Industrial arts, consumer <br> services, and recreation"
Graduate degree	Pre-law and legal studies	7	1216	77061.59763	51063.54683	122092.0889	1	1	0.963104064	0.001778082	0.106128265	0.001691162	0.105833621	0.842861171	0.895758391	Law and public policy
Graduate degree	Criminal justice and <br> fire protection	7	8982	70087.22114	46236.95858	100180.0769	1	1	0.964225565	0.011802372	0.704447587	0.011251565	0.704127833	0.847323027	0.880506862	Law and public policy
Graduate degree	Public administration	7	1604	74330.32735	49539.59848	108701.8731	1	1	0.953485077	0.002225296	0.132821154	0.002094302	0.131062336	0.858837721	0.902307923	Law and public policy
Graduate degree	Public policy	7	799	91880.54353	62972.47634	142440.7704	1	1	0.952248459	0.000948331	0.056602994	0.000942407	0.05897621	0.873340726	0.960368566	Law and public policy
Graduate degree	Multidisciplinary or <br> general science	7	6975	86961.49844	55068.53089	140174.4423	1	1	0.972994758	0.009721858	0.205230325	0.009440907	0.208044268	0.878669146	0.920291244	Physical sciences
Graduate degree	Physical sciences	7	236	82858.5215	51618.28288	129045.7072	1	1	0.971325167	0.000280587	0.005923254	0.000277942	0.006124867	0.830187991	0.848552838	Physical sciences
Graduate degree	Astronomy and astrophysics	7	265	98074.73747	61649.27811	149719.6754	1	1	0.980604696	0.000329301	0.006951617	0.000317247	0.006991001	0.851706163	0.906629961	Physical sciences
Graduate degree	Atmospheric sciences <br> and meteorology	7	527	84104.66537	55239.01433	113560.2223	1	1	0.97833883	0.000629505	0.013288981	0.000595179	0.013115645	0.875304707	0.883913035	Physical sciences
Graduate degree	Chemistry	7	16470	104353.7981	63225.98541	165131.9949	1	1	0.97463697	0.019912449	0.420355688	0.019035989	0.419485999	0.889022607	0.936339551	Physical sciences
Graduate degree	Geology and earth science	7	3598	87751.0809	58844.84248	129045.7072	1	1	0.974140477	0.004176074	0.088157744	0.00403306	0.088874406	0.87639398	0.931019824	Physical sciences
Graduate degree	Geosciences	7	425	98074.73747	64006.67077	138051.3788	1	1	0.979583556	0.000477433	0.010078702	0.000465922	0.010267285	0.860483853	0.926975922	Physical sciences
Graduate degree	Oceanography	7	400	88048.51717	52176.89906	123298.5562	1	1	0.985496947	0.000459554	0.009701272	0.000426141	0.009390643	0.853673635	0.903285022	Physical sciences
Graduate degree	Physics	7	8487	101171.8345	64077.25662	143114.3956	1	1	0.970125711	0.010376885	0.219058074	0.009833253	0.216690179	0.875323075	0.912452679	Physical sciences
Graduate degree	"Nuclear, industrial radiology, <br> and biological technologies"	7	797	99708.53927	70087.22114	132573.6344	1	1	0.971703039	0.001006828	0.021254342	0.000953678	0.021015706	0.885827358	0.939185894	Physical sciences
Graduate degree	Psychology	7	47638	64079.74504	45295.99175	93574.79713	1	1	0.96723537	0.059125758	0.795687563	0.061904839	0.802878489	0.81724869	0.878199529	Psychology and social work
Graduate degree	Industrial and organizational <br> psychology	7	480	82412.16001	52064.79285	122197.6763	1	1	0.939446133	0.000577832	0.007776206	0.000593424	0.007696446	0.847187553	0.915259408	Psychology and social work
Graduate degree	Social psychology	7	215	64098.34667	43554.20171	93785.21169	1	1	0.931553949	0.000263363	0.00354422	0.000278044	0.003606105	0.786243386	0.907873978	Psychology and social work
Graduate degree	Human services and <br> community organization	7	1261	52688.32118	39567.48179	70656.21748	1	1	0.948698811	0.001588728	0.021380374	0.001607906	0.020853828	0.79680214	0.837233815	Psychology and social work
Graduate degree	Social work	7	9777	54715.37985	41623.77373	71656.1168	1	1	0.968672693	0.012752076	0.171611637	0.012719409	0.164965132	0.822154297	0.870827919	Psychology and social work
Graduate degree	Interdisciplinary social <br> sciences	7	1239	66133.21482	45056.07073	99430.2258	1	1	0.959188066	0.001474856	0.01675744	0.001515184	0.017414955	0.828280055	0.874633976	Social sciences
Graduate degree	General social sciences	7	1920	68084.72911	47419.48906	100180.0769	1	1	0.949813282	0.002356644	0.026776396	0.002455977	0.028228082	0.821853183	0.880638561	Social sciences
Graduate degree	Economics	7	19442	108701.8731	68084.72911	178974.4064	1	1	0.960970879	0.023960827	0.272244984	0.023163364	0.26623103	0.874904569	0.931372183	Social sciences
Graduate degree	Anthropology and <br> archeology	7	4106	66052.79797	46236.95858	100124.6016	1	1	0.95844828	0.004802973	0.054571798	0.005154194	0.059240373	0.79143964	0.882807073	Social sciences
Graduate degree	Criminology	7	914	68168.08297	46456.45459	100180.0769	1	1	0.963114147	0.001133656	0.012880698	0.00108608	0.012483	0.84080973	0.893045159	Social sciences
Graduate degree	Geography	7	2089	75093.45122	52906.57186	107366.0284	1	1	0.964292354	0.00240765	0.027355926	0.002433413	0.027968738	0.838504707	0.908692515	Social sciences
Graduate degree	International relations	7	3213	90272.15723	59786.03018	136989.6351	1	1	0.957205112	0.004001993	0.045470991	0.003994364	0.045909727	0.845582539	0.9254709	Social sciences
Graduate degree	Political science and <br> government	7	27582	93574.79713	60074.76098	147527.2993	1	1	0.962905872	0.0335548	0.381252531	0.032376185	0.372119746	0.869181421	0.92734817	Social sciences
Graduate degree	Sociology	7	11249	65080.99106	46236.95858	93906.32436	1	1	0.960401064	0.013622961	0.154785256	0.014149917	0.162633842	0.817043065	0.891104391	Social sciences
Graduate degree	Miscellaneous social <br> sciences	7	610	82193.78103	55068.53089	124126.9571	1	1	0.965513701	0.000695645	0.00790398	0.000676071	0.007770506	0.873596855	0.931656109	Social sciences
